"H4"||"H"||4||64|||89||||||||||||||||||||||||||||||||||||||||||||||||||||||||||||||||||||||||14|28|42||||||||||||||||||||||||||||||||||||||||||||||||||||||||||||||||||||||||||||||||||||||"22142364"|"65377994"
"H2"||"H"||2||13|||53|||||0|0|0|5|23|40|50|55|60|45|50|55|30|35|38|15|20|22||67.9|||4.5|||14.5|||18|||20.2|||10.7|||19.6||||||||7|12.5|18||||0|0.25|0.5||||1.2|1.35|1.5|||||1.5|||42|92|141|0.06|0.09|0.12|||||9.4|||4.1|||26||0|1.5|2.9|15|23.5|32|0|4.5|9|0|0|0|".05"|".20"|0|0|0|0|0|0|0|0|0|0|0|0|2.5|4.9|7.4|1.8|3.7|5.6|1|2.4|4.4|3.6|4.6|5.5|||||||||||||||||||||||||||||||||"22142364"|"65377992"
"H3"||"H"||3||53|||64|||||0|0|0|10|30|50|50|55|60|45|50|55|30|35|38|15|20|22||66.9|||4.7|||13.6|||16.7|||20.1|||11.8|||23.1||||||||5|10|15||||0|0.25|0.5||||1.2|1.35|1.5|||||1.47|||42|92|141|0.05|0.08|0.1|||||8|||3.1|||24||0|1.5|2.9|15|23.5|32|0|4.5|9|0|0|0|".05"|".28"|0|0|0|0|0|0|0|0|0|0|0|0|1.8|4.1|6.4|1.3|3|4.8|1|2.4|4.4|3.6|4.6|5.5|||||||||||||||||||||||||||||||||"22142364"|"65377993"
"H1"||"H"||1||0|||13|||||0|0|0|0|3|5|45|75|80|40|70|75|24|45|50|12|25|30||65.9|||4.3|||14.1|||17.5|||19.6|||10.4|||19.1||||||||7|15|20||||2|3|4||||1.2|1.35|1.5|||||1.45|||42|92|141|0.08|0.1|0.12|||||17.4|||9.9|||37||0|1.5|2.9|10|21|32|0|5|10|0|0|0|".05"|".10"|0|0|0|0|0|0|0|0|0|0|0|0|7|12|16|5.2|9|12|1|2.4|4.4|3.6|5.1|6.5|||||||||||||||||||||||||||||||||"22142364"|"65377991"
"H1"||"H"||1||0|||13|||||0|0|0|0|3|5|45|75|80|40|70|75|24|45|50|12|25|30||65.9|||4.3|||14.1|||17.5|||19.6|||10.4|||19.1||||||||7|15|20||||2|3|4||||1.2|1.35|1.5|||||1.45|||42|92|141|0.08|0.1|0.12|||||17.4|||9.9|||37||0|1.5|2.9|10|21|32|0|5|10|0|0|0|".05"|".10"|0|0|0|0|0|0|0|0|0|0|0|0|7|12|16|5.2|9|12|1|2.4|4.4|3.6|5.1|6.5|||||||||||||||||||||||||||||||||"22142368"|"65378003"
"H3"||"H"||3||53|||64|||||0|0|0|10|30|50|50|55|60|45|50|55|30|35|38|15|20|22||66.9|||4.7|||13.6|||16.7|||20.1|||11.8|||23.1||||||||5|10|15||||0|0.25|0.5||||1.2|1.35|1.5|||||1.47|||42|92|141|0.05|0.08|0.1|||||8|||3.1|||24||0|1.5|2.9|15|23.5|32|0|4.5|9|0|0|0|".05"|".28"|0|0|0|0|0|0|0|0|0|0|0|0|1.8|4.1|6.4|1.3|3|4.8|1|2.4|4.4|3.6|4.6|5.5|||||||||||||||||||||||||||||||||"22142368"|"65378005"
"H2"||"H"||2||13|||53|||||0|0|0|5|23|40|50|55|60|45|50|55|30|35|38|15|20|22||67.9|||4.5|||14.5|||18|||20.2|||10.7|||19.6||||||||7|12.5|18||||0|0.25|0.5||||1.2|1.35|1.5|||||1.5|||42|92|141|0.06|0.09|0.12|||||9.4|||4.1|||26||0|1.5|2.9|15|23.5|32|0|4.5|9|0|0|0|".05"|".20"|0|0|0|0|0|0|0|0|0|0|0|0|2.5|4.9|7.4|1.8|3.7|5.6|1|2.4|4.4|3.6|4.6|5.5|||||||||||||||||||||||||||||||||"22142368"|"65378004"
"H4"||"H"||4||64|||89||||||||||||||||||||||||||||||||||||||||||||||||||||||||||||||||||||||||14|28|42||||||||||||||||||||||||||||||||||||||||||||||||||||||||||||||||||||||||||||||||||||||"22142368"|"65378006"
"H1"||"H"||1||0|||23|||||0|0|0|0|0|0|95|97.5|100|90|95|100|81|95|100|65|85|90||13.9|||0.1|||0.4|||1|||4|||8.4|||70.1||||||||12|16|20||||2|3|4||||1.35|1.48|1.6|||||1.6|||4|9|14|0.14|0.19|0.23|||||27.9|||13.2|||39||0|1.5|2.9|18|21|25|3|5|7|0|1|4|".37"|".37"|0|0|0|0|0|0|0|0|0|0|0|0|7.5|10.8|14|5.6|8.1|10.5|3.1|7.3|12.8|5.6|6.7|7.8|||||||||||||||||||||||||||||||||"22142369"|"65378007"
"H2"||"H"||2||23|||94|||||0|0|0|0|0|0|95|97.5|100|90|95|100|81|95|100|65|85|90||6.8|||0|||0|||0.2|||1.9|||4.7|||67.2||||||||18|26|35||||2|3|4||||1.4|1.53|1.65|||||1.7|||4|9|14|0.14|0.19|0.23|||||32|||19.4|||38||0|1.5|2.9|23|30|38|6|10|14|1|7|13|".37"|".37"|0|0|0|0|0|0|0|0|0|0|0|0|9|13.2|17.8|6.8|9.9|13.3|3.1|7.3|12.8|5.6|6.7|7.8|||||||||||||||||||||||||||||||||"22142369"|"65378008"
"H3"||"H"||3||94|||157|||||0|0|0|0|0|0|70|95|100|65|90|100|62|90|95|55|85|90||7|||0.4|||0.6|||0.9|||2.2|||2.9|||65||||||||18|28|35||||0.5|2.25|4||||1.4|1.53|1.65|||||1.71|||4|9|14|0.13|0.18|0.23|||||31|||19|||37||0|1.5|2.9|23|32|38|6|11|14|0|8|13|".37"|".37"|0|0|0|0|0|0|0|0|0|0|0|0|5.6|12.2|17.8|4.2|9|13.3|3.1|7.3|12.8|5.6|6.7|7.8|||||||||||||||||||||||||||||||||"22142369"|"65378009"
"H2"||"H"||2||10|||79|||||0|0|0|25|43|60|70|80|90|65|75|85|40|50|60|20|30|34||66.9|||4.7|||13.6|||16.7|||20.1|||11.8|||23.1||||||||5|10|15||||0|0.25|0.5||||1.55|1.63|1.7|||||1.77|||14|78|141|0.06|0.08|0.09|||||9.3|||4|||20||0|1.5|2.9|12|16|20|0|2|4|0|0|0|".10"|".24"|0|0|0|0|0|0|0|0|0|0|0|0|1.2|3.1|4.9|0.9|2.3|3.7|1.2|3.1|5.7|5.6|6.5|7.3|||||||||||||||||||||||||||||||||"22142370"|"65378011"
"H1"||"H"||1||0|||10|||||0|0|0|15|28|40|95|95|100|90|95|100|55|65|70|30|35|40||66.9|||4.7|||13.6|||16.7|||20.1|||11.8|||23.1||||||||5|10|15||||1|2|3||||1.4|1.53|1.65|||||1.62|||14|78|141|0.1|0.13|0.15|||||15|||7.4|||31||0|1.5|2.9|12|16|20|0|2|4|0|0|0|".10"|".15"|0|0|0|0|0|0|0|0|0|0|0|0|3.5|7|10.5|2.6|5.2|7.9|1.2|3.1|5.7|5.6|6.5|7.3|||||||||||||||||||||||||||||||||"22142370"|"65378010"
"H3"||"H"||3||79|||165|||||0|0|0|35|53|70|80|90|95|75|85|90|38|60|68|22|25|27||83.5|||1.1|||12.1|||26.3|||31.8|||12.2|||9||||||||5|7.5|10||||0|0.25|0.5||||1.55|1.63|1.7|||||1.78|||42|92|141|0.04|0.06|0.07||10.8|||8|||3.1|||19||0|1.5|2.9|12|14|16|0|1|2|0|0|0|".02"|".15"|0|0|0|0|0|0|0|0|0|0|0|0|1.2|2.4|3.6|0.9|1.8|2.7|1.2|3.1|5.7|5.6|6.5|7.3|||||||||||||||||||||||||||||||||"22142370"|"65378012"
"Bt1"||"B"||1|16|20|28|76|89|107||69||0|0|0|0|0|0|50|91|100|48|90|100|41|87|100|35|79|100|2|15|30|0.2|1.5|1.5|0.2|1.6|3.2|0.3|1.9|3.8|0.6|4.7|9.4|0.7|5.3|10.6|10|35|62|||||||35|50|60|0|0|0|0|0.25|0.5||||1.2|1.35|1.5||||1.38|1.53|1.65||4|9|14|0.06|0.12|0.15||||18.5|37.8|41.7|12|25.5|32.5|26|44|52|3|4.5|5.9|39|57|75|16|26|36|2|29|51|".20"|".20"|0|0|0|0|0|0|0|0|0|0|0|0||||6.9|10.5|14.9|1|2.4|4.4|4.5|5.4|6||||||||||8.6|14.6|21.2|||||||||||||||||||"Moderate"|"Moist"|"22142382"|"65378047"
"Bt2"||"B"||2|76|89|107|165|183|220||94||0|0|0|0|0|0|49|82|100|47|81|100|40|79|100|35|73|100|2|12|30|0.2|1.2|1.2|0.2|1.3|3.3|0.3|1.5|3.8|0.6|3.8|9.5|0.7|4.2|10.4|3|32|58|||||||40|56|70|0|0|0|0|0.25|0.5||||1.2|1.3|1.4||||1.42|1.52|1.71||4|9|14|0.06|0.14|0.14||||19.4|37.8|44.4|13.5|26.6|37.3|29|43|52|3|4.5|5.9|43|60|79|18|27|38|3|29|60|".17"|".17"|0|0|0|0|0|0|0|0|0|0|0|0||||8|11.8|17.5|1|2.4|4.4|4.5|5.4|6||||||||||10.2|16.5|24.6|||||||||||||||||||"Moderate"|"Moist"|"22142382"|"65378048"
"Ap"||"A"|||0|0|0|16|20|28||20||0|0|0|0|0|0|75|91|100|74|90|100|63|84|100|51|71|88|5|25|35|0.5|2.3|3.2|0.6|3|4.2|1.1|5.6|7.8|1.5|7.7|10.8|1.3|6.4|9|38|52|74|||||||13|23|27|0|0|0|0.5|1.5|2.5||||1.25|1.38|1.5||||1.32|1.45|1.57||14|28|42|0.17|0.22|0.22||||20|27.8|31.7|6.6|13.8|18|34|42|49|0|1.5|2.9|19|25|31|5|8|11|1|9|16|".37"|".37"|0|0|0|0|0|0|0|0|0|0|0|0|4.7|8.4|9.9||||1|2.4|4.4|4.5|6|6||||||||||3.1|6.4|11.1|||||||||||||||||||"Moderate"|"Moist"|"22142382"|"65378046"
"Bt2"||"B"||2|76|89|107|165|183|220||94||0|0|0|0|0|0|49|82|100|47|81|100|40|79|100|35|73|100|2|12|30|0.2|1.2|1.2|0.2|1.3|3.3|0.3|1.5|3.8|0.6|3.8|9.5|0.7|4.2|10.4|3|32|58|||||||40|56|70|0|0|0|0|0.25|0.5||||1.2|1.3|1.4||||1.42|1.52|1.71||4|9|14|0.06|0.14|0.14||||19.4|37.8|44.4|13.5|26.6|37.3|29|43|52|3|4.5|5.9|43|60|79|18|27|38|3|29|60|".17"|".17"|0|0|0|0|0|0|0|0|0|0|0|0||||8|11.8|17.5|1|2.4|4.4|4.5|5.4|6||||||||||10.2|16.5|24.6|||||||||||||||||||"Moderate"|"Moist"|"22142383"|"65378051"
"Bt1"||"B"||1|16|20|28|76|89|107||69||0|0|0|0|0|0|50|91|100|48|90|100|41|87|100|35|79|100|2|15|30|0.2|1.5|1.5|0.2|1.6|3.2|0.3|1.9|3.8|0.6|4.7|9.4|0.7|5.3|10.6|10|35|62|||||||35|50|60|0|0|0|0|0.25|0.5||||1.2|1.35|1.5||||1.38|1.53|1.65||4|9|14|0.06|0.12|0.15||||18.5|37.8|41.7|12|25.5|32.5|26|44|52|3|4.5|5.9|39|57|75|16|26|36|2|29|51|".20"|".20"|0|0|0|0|0|0|0|0|0|0|0|0||||6.9|10.5|14.9|1|2.4|4.4|4.5|5.4|6||||||||||8.6|14.6|21.2|||||||||||||||||||"Moderate"|"Moist"|"22142383"|"65378050"
"Ap"||"A"|||0|0|0|16|20|28||20||0|0|0|0|0|0|75|91|100|74|90|100|63|84|100|51|71|88|5|25|35|0.5|2.3|3.2|0.6|3|4.2|1.1|5.6|7.8|1.5|7.7|10.8|1.3|6.4|9|38|52|74|||||||13|23|27|0|0|0|0.5|1.5|2.5||||1.25|1.38|1.5||||1.32|1.45|1.57||14|28|42|0.17|0.22|0.22||||20|27.8|31.7|6.6|13.8|18|34|42|49|0|1.5|2.9|19|25|31|5|8|11|1|9|16|".37"|".37"|0|0|0|0|0|0|0|0|0|0|0|0|4.7|8.4|9.9||||1|2.4|4.4|4.5|6|6||||||||||3.1|6.4|11.1|||||||||||||||||||"Moderate"|"Moist"|"22142383"|"65378049"
"Bt2"||"B"||2|76|89|107|165|183|220||94||0|0|0|0|0|0|49|82|100|47|81|100|40|79|100|35|73|100|2|12|30|0.2|1.2|1.2|0.2|1.3|3.3|0.3|1.5|3.8|0.6|3.8|9.5|0.7|4.2|10.4|3|32|58|||||||40|56|70|0|0|0|0|0.25|0.5||||1.2|1.3|1.4||||1.42|1.52|1.71||4|9|14|0.06|0.14|0.14||||19.4|37.8|44.4|13.5|26.6|37.3|29|43|52|3|4.5|5.9|43|60|79|18|27|38|3|29|60|".17"|".17"|0|0|0|0|0|0|0|0|0|0|0|0||||8|11.8|17.5|1|2.4|4.4|4.5|5.4|6||||||||||10.2|16.5|24.6|||||||||||||||||||"Moderate"|"Moist"|"22142384"|"65378052"
"Bt1"||"B"||1|16|20|28|76|89|107||69||0|0|0|0|0|0|50|91|100|48|90|100|41|87|100|35|79|100|2|15|30|0.2|1.5|1.5|0.2|1.6|3.2|0.3|1.9|3.8|0.6|4.7|9.4|0.7|5.3|10.6|10|35|62|||||||35|50|60|0|0|0|0|0.25|0.5||||1.2|1.35|1.5||||1.38|1.53|1.65||4|9|14|0.06|0.12|0.15||||18.5|37.8|41.7|12|25.5|32.5|26|44|52|3|4.5|5.9|39|57|75|16|26|36|2|29|51|".20"|".20"|0|0|0|0|0|0|0|0|0|0|0|0||||6.9|10.5|14.9|1|2.4|4.4|4.5|5.4|6||||||||||8.6|14.6|21.2|||||||||||||||||||"Moderate"|"Moist"|"22142384"|"65378054"
"Ap"||"A"|||0|0|0|16|20|28||20||0|0|0|0|0|0|75|91|100|74|90|100|63|84|100|51|71|88|5|25|35|0.5|2.3|3.2|0.6|3|4.2|1.1|5.6|7.8|1.5|7.7|10.8|1.3|6.4|9|38|52|74|||||||13|23|27|0|0|0|0.5|1.5|2.5||||1.25|1.38|1.5||||1.32|1.45|1.57||14|28|42|0.17|0.22|0.22||||20|27.8|31.7|6.6|13.8|18|34|42|49|0|1.5|2.9|19|25|31|5|8|11|1|9|16|".37"|".37"|0|0|0|0|0|0|0|0|0|0|0|0|4.7|8.4|9.9||||1|2.4|4.4|4.5|6|6||||||||||3.1|6.4|11.1|||||||||||||||||||"Moderate"|"Moist"|"22142384"|"65378053"
"H1"||"H"||1||0|||30|||||0|0|0|0|8|15|45|55|80|40|50|75|36|50|70|28|45|55||26.5|||2.1|||3|||4.3|||8.3|||8.8|||53.5||||||||13|20|27||||1|1.5|2||||1.35|1.43|1.5|||||1.61|||14|28|42|0.08|0.1|0.12|||||17.5|||8.2|||26||0|1.5|2.9|24|30|36|6|11|16|0|1|6|".15"|".37"|0|0|0|0|0|0|0|0|0|0|0|0|6.8|10.4|13.9|5.1|7.8|10.5|1|2.4|4.4|4.5|5.3|6|||||||||||||||||||||||||||||||||"22142386"|"65378057"
"H2"||"H"||2||30|||183|||||0|0|0|0|3|5|90|95|100|85|90|100|80|90|100|70|85|95||17.1|||1.5|||2.1|||2.9|||5.3|||5.3|||27.9||||||||35|55|75||||0|0.25|0.5||||1.2|1.35|1.5|||||1.63|||4|9|14|0.12|0.15|0.18|||||38.1|||27.5|||43||3|4.5|5.9|44|62|80|22|36|50|14|33|56|".17"|".17"|0|0|0|0|0|0|0|0|0|0|0|0|12.2|19.8|27.4|9.2|14.9|20.5|1|2.4|4.4|4.5|5.3|6|||||||||||||||||||||||||||||||||"22142386"|"65378058"
"H2"||"H"||2||30|||183|||||0|0|0|0|3|5|90|95|100|85|90|100|80|90|100|70|85|95||17.1|||1.5|||2.1|||2.9|||5.3|||5.3|||27.9||||||||35|55|75||||0|0.25|0.5||||1.2|1.35|1.5|||||1.63|||4|9|14|0.12|0.15|0.18|||||38.1|||27.5|||43||3|4.5|5.9|44|62|80|22|36|50|14|33|56|".17"|".17"|0|0|0|0|0|0|0|0|0|0|0|0|12.2|19.8|27.4|9.2|14.9|20.5|1|2.4|4.4|4.5|5.3|6|||||||||||||||||||||||||||||||||"22142387"|"65378059"
"H1"||"H"||1||0|||30|||||0|0|0|0|8|15|45|55|80|40|50|75|36|50|70|28|45|55||26.5|||2.1|||3|||4.3|||8.3|||8.8|||53.5||||||||13|20|27||||1|1.5|2||||1.35|1.43|1.5|||||1.61|||14|28|42|0.08|0.1|0.12|||||17.5|||8.2|||26||0|1.5|2.9|24|30|36|6|11|16|0|1|6|".15"|".37"|0|0|0|0|0|0|0|0|0|0|0|0|6.8|10.4|13.9|5.1|7.8|10.5|1|2.4|4.4|4.5|5.3|6|||||||||||||||||||||||||||||||||"22142387"|"65378060"
"H1"||"H"||1||0|||30|||||0|0|0|0|3|5|90|95|100|85|90|100|80|90|100|60|85|90||26.5|||2.1|||3|||4.3|||8.3|||8.8|||53.5||||||||13|20|27||||1|1.5|2||||1.25|1.38|1.5|||||1.49|||14|28|42|0.16|0.2|0.24|||||26.3|||12|||42||0|1.5|2.9|24|30|36|6|11|16|1|8|14|".37"|".37"|0|0|0|0|0|0|0|0|0|0|0|0|6.8|10.4|13.9|5.1|7.8|10.5|1|2.4|4.4|4.5|5.3|6|||||||||||||||||||||||||||||||||"22142390"|"65378066"
"H2"||"H"||2||30|||183|||||0|0|0|0|3|5|90|95|100|85|90|100|80|90|100|70|85|95||17.1|||1.5|||2.1|||2.9|||5.3|||5.3|||27.9||||||||35|55|75||||0|0.25|0.5||||1.2|1.35|1.5|||||1.63|||4|9|14|0.12|0.15|0.18|||||38.1|||27.5|||43||3|4.5|5.9|44|62|80|22|36|50|14|33|56|".17"|".17"|0|0|0|0|0|0|0|0|0|0|0|0|12.2|19.8|27.4|9.2|14.9|20.5|1|2.4|4.4|4.5|5.3|6|||||||||||||||||||||||||||||||||"22142390"|"65378067"
"H1"||"H"||1||0|||30|||||0|0|0|0|3|5|90|95|100|85|90|100|80|90|100|60|85|90||26.5|||2.1|||3|||4.3|||8.3|||8.8|||53.5||||||||13|20|27||||1|1.5|2||||1.25|1.38|1.5|||||1.49|||14|28|42|0.16|0.2|0.24|||||26.3|||12|||42||0|1.5|2.9|24|30|36|6|11|16|1|8|14|".37"|".37"|0|0|0|0|0|0|0|0|0|0|0|0|6.8|10.4|13.9|5.1|7.8|10.5|1|2.4|4.4|4.5|5.3|6|||||||||||||||||||||||||||||||||"22142391"|"65378086"
"H2"||"H"||2||30|||183|||||0|0|0|0|3|5|90|95|100|85|90|100|80|90|100|70|85|95||17.1|||1.5|||2.1|||2.9|||5.3|||5.3|||27.9||||||||35|55|75||||0|0.25|0.5||||1.2|1.35|1.5|||||1.63|||4|9|14|0.12|0.15|0.18|||||38.1|||27.5|||43||3|4.5|5.9|44|62|80|22|36|50|14|33|56|".17"|".17"|0|0|0|0|0|0|0|0|0|0|0|0|12.2|19.8|27.4|9.2|14.9|20.5|1|2.4|4.4|4.5|5.3|6|||||||||||||||||||||||||||||||||"22142391"|"65378087"
"H1"||"H"||1||0|||30|||||0|0|0|0|3|5|90|95|100|85|90|100|80|90|100|60|85|90||26.5|||2.1|||3|||4.3|||8.3|||8.8|||53.5||||||||13|20|27||||1|1.5|2||||1.25|1.38|1.5|||||1.49|||14|28|42|0.16|0.2|0.24|||||26.3|||12|||42||0|1.5|2.9|24|30|36|6|11|16|1|8|14|".37"|".37"|0|0|0|0|0|0|0|0|0|0|0|0|6.8|10.4|13.9|5.1|7.8|10.5|1|2.4|4.4|4.5|5.3|6|||||||||||||||||||||||||||||||||"22142393"|"65378088"
"H2"||"H"||2||30|||183|||||0|0|0|0|3|5|90|95|100|85|90|100|80|90|100|70|85|95||17.1|||1.5|||2.1|||2.9|||5.3|||5.3|||27.9||||||||35|55|75||||0|0.25|0.5||||1.2|1.35|1.5|||||1.63|||4|9|14|0.12|0.15|0.18|||||38.1|||27.5|||43||3|4.5|5.9|44|62|80|22|36|50|14|33|56|".17"|".17"|0|0|0|0|0|0|0|0|0|0|0|0|12.2|19.8|27.4|9.2|14.9|20.5|1|2.4|4.4|4.5|5.3|6|||||||||||||||||||||||||||||||||"22142393"|"65378089"
"H4"||"H"||4||99|||124||||||||||||||||||||||||||||||||||||||||||||||||||||||||||||||||||||||||1.4|7.7|14|0|0.01|0.01|||||||||||||||||||||||||||||||||||||||||||||||||||||||||||||||||||||||||||||||||||"22142395"|"65378093"
"H1"||"H"||1||0|||10|||||0|0|0|0|0|0|60|92|95|55|92|95|45|81|90|34|60|65||41.6|||3.9|||5.4|||7.3|||13|||12|||37.4||||||||15|21|27||||0.5|2.25|4||||1.2|1.3|1.4|||||1.43|||4|9|14|0.12|0.15|0.18|||||27.6|||13|||46||0|1.5|2.9|20|26|31|4|8|10|0|2|4|".24"|".24"|0|0|0|0|0|0|0|0|0|0|0|0|4.9|10.3|15.8|3.7|7.7|11.8|1|2.4|4.4|3.6|4.6|5.5|||||||||||||||||||||||||||||||||"22142395"|"65378090"
"H2"||"H"||2||10|||74|||||0|0|0|5|8|20|65|87|95|65|87|95|60|86|95|52|77|91||17.8|||0.2|||0.4|||1.2|||5.1|||10.9|||54.2||||||||18|28|35||||0|0.25|0.5||||1.2|1.35|1.5|||||1.52|||4|9|14|0.12|0.14|0.16|||||26.7|||13.7|||41||0|1.5|2.9|23|32|38|6|11|14|0|7|13|".43"|".43"|0|0|0|0|0|0|0|0|0|0|0|0|4.5|7.6|9.9|3.4|5.7|7.4|1|2.4|4.4|3.6|4.6|5.5|||||||||||||||||||||||||||||||||"22142395"|"65378091"
"H3"||"H"||3||74|||99|||||0|0|0|20|22|30|30|71|75|30|71|75|25|68|70|23|60|67||20.5|||1.4|||2.1|||1.9|||6.4|||8.7|||54.5||||||||15|25|35||||0|0.25|0.5||||1.2|1.35|1.5|||||1.53|||4|9|14|0.08|0.1|0.12|||||20.5|||9.8|||33||0|1.5|2.9|20|30|38|4|10|14|0|3|8|".20"|".43"|0|0|0|0|0|0|0|0|0|0|0|0|3.8|6.8|9.9|2.8|5.1|7.4|1|2.4|4.4|3.6|4.6|5.5|||||||||||||||||||||||||||||||||"22142395"|"65378092"
"H2"||"H"||2||10|||74|||||0|0|0|5|8|20|65|87|95|65|87|95|60|86|95|52|77|91||17.8|||0.2|||0.4|||1.2|||5.1|||10.9|||54.2||||||||18|28|35||||0|0.25|0.5||||1.2|1.35|1.5|||||1.52|||4|9|14|0.12|0.14|0.16|||||26.7|||13.7|||41||0|1.5|2.9|23|32|38|6|11|14|0|7|13|".43"|".43"|0|0|0|0|0|0|0|0|0|0|0|0|4.5|7.6|9.9|3.4|5.7|7.4|1|2.4|4.4|3.6|4.6|5.5|||||||||||||||||||||||||||||||||"22142396"|"65378094"
"H4"||"H"||4||99|||124||||||||||||||||||||||||||||||||||||||||||||||||||||||||||||||||||||||||1.4|7.7|14|0|0.01|0.01|||||||||||||||||||||||||||||||||||||||||||||||||||||||||||||||||||||||||||||||||||"22142396"|"65378096"
"H3"||"H"||3||74|||99|||||0|0|0|20|22|30|30|71|75|30|71|75|25|68|70|23|60|67||20.5|||1.4|||2.1|||1.9|||6.4|||8.7|||54.5||||||||15|25|35||||0|0.25|0.5||||1.2|1.35|1.5|||||1.53|||4|9|14|0.08|0.1|0.12|||||20.5|||9.8|||33||0|1.5|2.9|20|30|38|4|10|14|0|3|8|".20"|".43"|0|0|0|0|0|0|0|0|0|0|0|0|3.8|6.8|9.9|2.8|5.1|7.4|1|2.4|4.4|3.6|4.6|5.5|||||||||||||||||||||||||||||||||"22142396"|"65378095"
"H1"||"H"||1||0|||10|||||0|0|0|0|0|0|60|92|95|55|92|95|45|81|90|34|60|65||41.6|||3.9|||5.4|||7.3|||13|||12|||37.4||||||||15|21|27||||0.5|2.25|4||||1.2|1.3|1.4|||||1.43|||4|9|14|0.12|0.15|0.18|||||27.6|||13|||46||0|1.5|2.9|20|26|31|4|8|10|0|2|4|".24"|".24"|0|0|0|0|0|0|0|0|0|0|0|0|4.9|10.3|15.8|3.7|7.7|11.8|1|2.4|4.4|3.6|4.6|5.5|||||||||||||||||||||||||||||||||"22142396"|"65378097"
"H1"||"H"||1||0|||46|||||0|0|0|0|0|0|70|85|100|65|80|100|60|75|90|55|60|70||29.3|||2.4|||3.5|||4.8|||9.2|||9.4|||53.7||||||||7|17|27||||1|1.5|2||||1.25|1.4|1.55|||||1.52|||14|28|42|0.11|0.16|0.2|||||23.9|||10.1|||39||0|1.5|2.9|21|31|41|4|11|19|0|4|12|".43"|".43"|0|0|0|0|0|0|0|0|0|0|0|0|4.7|9.3|13.9|3.5|7|10.5|1|2.4|4.4|3.6|4.6|5.5|||||||||||||||||||||||||||||||||"22142398"|"65378101"
"H2"||"H"||2||46|||157|||||0|0|0|0|0|0|80|90|100|75|85|100|75|85|95|70|80|90||5.5|||0.2|||0.3|||0.6|||1.7|||2.7|||47||||||||35|47.5|60||||0|0.25|0.5||||1.35|1.48|1.6|||||1.76|||0.42|0.9|1.4|0.1|0.14|0.17|||||30|||24|||38||6|7.5|8.9|44|56|68|25|34|44|15|28|44|".32"|".32"|0|0|0|0|0|0|0|0|0|0|0|0|12.2|17.2|22.1|9.2|12.9|16.6|1|2.4|4.4|3.6|4.6|5.5|||||||||||||||||||||||||||||||||"22142398"|"65378102"
"H1"||"H"||1||0|||46|||||0|0|0|0|0|0|70|85|100|65|80|100|60|75|90|55|60|70||29.3|||2.4|||3.5|||4.8|||9.2|||9.4|||53.7||||||||7|17|27||||1|1.5|2||||1.25|1.4|1.55|||||1.52|||14|28|42|0.11|0.16|0.2|||||23.9|||10.1|||39||0|1.5|2.9|21|31|41|4|11|19|0|4|12|".43"|".43"|0|0|0|0|0|0|0|0|0|0|0|0|4.7|9.3|13.9|3.5|7|10.5|1|2.4|4.4|3.6|4.6|5.5|||||||||||||||||||||||||||||||||"22142399"|"65378103"
"H2"||"H"||2||46|||157|||||0|0|0|0|0|0|80|90|100|75|85|100|75|85|95|70|80|90||5.5|||0.2|||0.3|||0.6|||1.7|||2.7|||47||||||||35|47.5|60||||0|0.25|0.5||||1.35|1.48|1.6|||||1.76|||0.42|0.9|1.4|0.1|0.14|0.17|||||30|||24|||38||6|7.5|8.9|44|56|68|25|34|44|15|28|44|".32"|".32"|0|0|0|0|0|0|0|0|0|0|0|0|12.2|17.2|22.1|9.2|12.9|16.6|1|2.4|4.4|3.6|4.6|5.5|||||||||||||||||||||||||||||||||"22142399"|"65378104"
"H2"||"H"||2||46|||157|||||0|0|0|0|0|0|80|90|100|75|85|100|75|85|95|70|80|90||5.5|||0.2|||0.3|||0.6|||1.7|||2.7|||47||||||||35|47.5|60||||0|0.25|0.5||||1.35|1.48|1.6|||||1.76|||0.42|0.9|1.4|0.1|0.14|0.17|||||30|||24|||38||6|7.5|8.9|44|56|68|25|34|44|15|28|44|".32"|".32"|0|0|0|0|0|0|0|0|0|0|0|0|12.2|17.2|22.1|9.2|12.9|16.6|1|2.4|4.4|3.6|4.6|5.5|||||||||||||||||||||||||||||||||"22142401"|"65378108"
"H1"||"H"||1||0|||46|||||0|0|0|0|0|0|70|85|100|65|80|100|60|75|90|55|60|70||29.3|||2.4|||3.5|||4.8|||9.2|||9.4|||53.7||||||||7|17|27||||1|1.5|2||||1.25|1.4|1.55|||||1.52|||14|28|42|0.11|0.16|0.2|||||23.9|||10.1|||39||0|1.5|2.9|21|31|41|4|11|19|0|4|12|".43"|".43"|0|0|0|0|0|0|0|0|0|0|0|0|4.7|9.3|13.9|3.5|7|10.5|1|2.4|4.4|3.6|4.6|5.5|||||||||||||||||||||||||||||||||"22142401"|"65378107"
"H2"||"H"||2||13|||61|||||4|6|7|15|18|20|30|55|70|25|50|65|22|50|60|20|45|55||22.4|||1.9|||2.5|||2.3|||6.8|||8.9|||55.1||||||||10|22.5|35||||0|0.25|0.5||||1.2|1.35|1.5|||||1.58|||4|9|14|0.1|0.13|0.16|||||15.2|||6.8|||25||0|1.5|2.9|16|27|38|2|8|14|0|0|5|".15"|".49"|0|0|0|0|0|0|0|0|0|0|0|0|2.5|6.2|9.9|1.9|4.6|7.4|1|2.4|4.4|4.5|5|5.5|||||||||||||||||||||||||||||||||"22142402"|"65378111"
"H3"||"H"||3||61|||86||||||||||||||||||||||||||||||||||||||||||||||||||||||||||||||||||||||||0.42|0.9|1.4|0|0.01|0.01|||||||||||||||||||||||||||||||||||||||||||||||||||||||||||||||||||||||||||||||||||"22142402"|"65378109"
"H1"||"H"||1||0|||13|||||3|4|5|7|14|20|50|70|80|45|65|75|40|60|70|35|50|65||27.1|||2.2|||3.1|||4.4|||8.5|||8.9|||54.4||||||||10|18.5|27||||0.5|1.25|2||||1.2|1.35|1.5|||||1.5|||4|9|14|0.13|0.15|0.16|||||18.8|||8|||32||0|1.5|2.9|16|24|31|2|6|10|0|0|4|".20"|".37"|0|0|0|0|0|0|0|0|0|0|0|0|3.6|7.4|11.2|2.7|5.6|8.4|1|2.4|4.4|4.5|5|5.5|||||||||||||||||||||||||||||||||"22142402"|"65378110"
"H1"||"H"||1||0|||46|||||0|0|0|0|0|0|70|85|100|65|80|100|60|75|90|55|60|70||29.3|||2.4|||3.5|||4.8|||9.2|||9.4|||53.7||||||||7|17|27||||1|1.5|2||||1.25|1.4|1.55|||||1.52|||14|28|42|0.11|0.16|0.2|||||23.9|||10.1|||39||0|1.5|2.9|21|31|41|4|11|19|0|4|12|".43"|".43"|0|0|0|0|0|0|0|0|0|0|0|0|4.7|9.3|13.9|3.5|7|10.5|1|2.4|4.4|3.6|4.6|5.5|||||||||||||||||||||||||||||||||"22142403"|"65378112"
"H2"||"H"||2||46|||157|||||0|0|0|0|0|0|80|90|100|75|85|100|75|85|95|70|80|90||5.5|||0.2|||0.3|||0.6|||1.7|||2.7|||47||||||||35|47.5|60||||0|0.25|0.5||||1.35|1.48|1.6|||||1.76|||0.42|0.9|1.4|0.1|0.14|0.17|||||30|||24|||38||6|7.5|8.9|44|56|68|25|34|44|15|28|44|".32"|".32"|0|0|0|0|0|0|0|0|0|0|0|0|12.2|17.2|22.1|9.2|12.9|16.6|1|2.4|4.4|3.6|4.6|5.5|||||||||||||||||||||||||||||||||"22142403"|"65378113"
"H3"||"H"||3||61|||86||||||||||||||||||||||||||||||||||||||||||||||||||||||||||||||||||||||||0.42|0.9|1.4|0|0.01|0.01|||||||||||||||||||||||||||||||||||||||||||||||||||||||||||||||||||||||||||||||||||"22142404"|"65378116"
"H1"||"H"||1||0|||13|||||3|4|5|7|14|20|50|70|80|45|65|75|40|60|70|35|50|65||27.1|||2.2|||3.1|||4.4|||8.5|||8.9|||54.4||||||||10|18.5|27||||0.5|1.25|2||||1.2|1.35|1.5|||||1.5|||4|9|14|0.13|0.15|0.16|||||18.8|||8|||32||0|1.5|2.9|16|24|31|2|6|10|0|0|4|".20"|".37"|0|0|0|0|0|0|0|0|0|0|0|0|3.6|7.4|11.2|2.7|5.6|8.4|1|2.4|4.4|4.5|5|5.5|||||||||||||||||||||||||||||||||"22142404"|"65378114"
"H2"||"H"||2||13|||61|||||4|6|7|15|18|20|30|55|70|25|50|65|22|50|60|20|45|55||22.4|||1.9|||2.5|||2.3|||6.8|||8.9|||55.1||||||||10|22.5|35||||0|0.25|0.5||||1.2|1.35|1.5|||||1.58|||4|9|14|0.1|0.13|0.16|||||15.2|||6.8|||25||0|1.5|2.9|16|27|38|2|8|14|0|0|5|".15"|".49"|0|0|0|0|0|0|0|0|0|0|0|0|2.5|6.2|9.9|1.9|4.6|7.4|1|2.4|4.4|4.5|5|5.5|||||||||||||||||||||||||||||||||"22142404"|"65378115"
"H3"||"H"||3||109|||157|||||0|0|0|0|3|5|60|90|100|55|90|100|50|80|85|35|65|75||39.8|||3.6|||5|||6.9|||12.5|||11.8|||37.7||||||||10|22.5|35||||0|0.1|0.2||||1.2|1.3|1.4|||||1.43|||4|9|14|0.08|0.13|0.17|||||25.5|||11|||45||0|1.5|2.9|16|27|38|2|8|14|0|3|10|".37"|".37"|0|0|0|0|0|0|0|0|0|0|0|0|2.5|5.9|9.2|1.9|4.4|6.9|1|2.4|4.4|3.6|4.6|5.5|||||||||||||||||||||||||||||||||"22142417"|"65378070"
"H1"||"H"||1||0|||20|||||0|0|0|0|0|0|90|95|100|80|95|100|70|90|95|50|70|75||41.6|||3.9|||5.4|||7.3|||13|||12|||37.4||||||||15|21|27||||1|2.5|4||||1.2|1.3|1.4|||||1.42|||4|9|14|0.12|0.17|0.22|||||28.2|||13.5|||46||0|1.5|2.9|20|26|31|4|8|10|0|3|6|".24"|".24"|0|0|0|0|0|0|0|0|0|0|0|0|6|10.9|15.8|4.5|8.2|11.8|1|2.4|4.4|3.6|4.6|5.5|||||||||||||||||||||||||||||||||"22142417"|"65378068"
"H2"||"H"||2||20|||109|||||0|0|0|0|0|0|90|95|100|75|90|100|65|80|85|45|60|65||38.5|||3.4|||4.9|||6.7|||12.1|||11.4|||36.5||||||||18|25|35||||0|0.25|0.5||||1.2|1.35|1.5|||||1.48|||4|9|14|0.13|0.16|0.18|||||27.3|||13.1|||44||0|1.5|2.9|23|30|38|6|10|14|0|3|7|".32"|".32"|0|0|0|0|0|0|0|0|0|0|0|0|4.5|6.8|9.9|3.4|5.1|7.4|1|2.4|4.4|3.6|4.6|5.5|||||||||||||||||||||||||||||||||"22142417"|"65378069"
"H3"||"H"||3||43|||68||||||||||||||||||||||||||||||||||||||||||||||||||||||||||||||||||||||||0|0.21|0.42|0|0.01|0.01|||||||||||||||||||||||||||||||||||||||||||||||||||||||||||||||||||||||||||||||||||"22142424"|"65378163"
"H1"||"H"||1||0|||10|||||0|0|0|0|3|5|90|95|100|85|95|100|80|95|100|70|85|95||19|||1.4|||2|||3|||6|||6.6|||45||||||||27|36|45||||1|2.5|4||||1.2|1.35|1.5|||||1.55|||1.4|7.7|14|0.16|0.19|0.21|||||32.8|||21.4|||44||6|7.5|8.9|39|50|61|19|25|32|11|23|35|".32"|".32"|0|0|0|0|0|0|0|0|0|0|0|0|11.7|18.2|24.8|8.8|13.7|18.6|1|2.4|4.4|5.1|6.5|7.8|||||||||||||||||||||||||||||||||"22142424"|"65378161"
"H2"||"H"||2||10|||43|||||0|3|5|0|5|10|90|95|100|85|95|100|80|90|95|70|80|85||17.1|||1.5|||2.1|||2.9|||5.3|||5.3|||27.9||||||||35|55|75||||0|0.25|0.5||||1.4|1.55|1.7|||||1.87|||1.4|7.7|14|0.12|0.14|0.16|||||33.7|||28.4|||36||6|7.5|8.9|44|63|83|25|40|55|15|33|52|".24"|".24"|0|0|0|0|0|0|0|0|0|0|0|0|12.2|19.8|27.4|9.2|14.9|20.5|1|2.4|4.4|5.1|6.5|7.8|||||||||||||||||||||||||||||||||"22142424"|"65378162"
"H1"||"H"||1||0|||30|||||0|0|0|0|0|0|95|97.5|100|90|95|100|85|95|100|75|85|90||19.2|||1|||1.8|||1.7|||6.2|||8.5|||54.3||||||||18|26.5|35||||2|3|4||||1.3|1.4|1.5|||||1.56|||1.4|2.7|4|0.18|0.21|0.24|||||31.2|||18.1|||42||3|4.5|5.9|33|43|52|12|18|24|7|16|24|".37"|".37"|0|0|0|0|0|0|0|0|0|0|0|0|10.8|16|21.2|8.1|12|15.9|1|2.4|4.4|3.6|4.6|5.5|||||||||||||||||||||||||||||||||"22142429"|"65378172"
"H2"||"H"||2||30|||99|||||0|0|0|0|0|0|95|97.5|100|90|95|100|90|95|100|85|90|95||7.7|||0.2|||0.5|||0.9|||2.4|||3.7|||49.8||||||||35|42.5|50||||0|0.25|0.5||||1.3|1.45|1.6|||||1.69|||0.42|0.9|1.4|0.12|0.15|0.18|||||30.6|||22.8|||42||3|4.5|5.9|44|51|59|25|30|36|21|29|38|".37"|".37"|0|0|0|0|0|0|0|0|0|0|0|0|12.2|15.4|18.6|9.2|11.6|14|1|2.4|4.4|3.6|4.6|5.5|||||||||||||||||||||||||||||||||"22142429"|"65378173"
"H3"||"H"||3||99|||157|||||0|0|0|0|0|0|95|97.5|100|90|95|100|90|95|100|85|90|95||18.4|||1.3|||2|||2.9|||5.8|||6.4|||43.6||||||||35|38|50||||0|0.25|0.5||||1.3|1.45|1.6|||||1.66|||0.42|0.9|1.4|0.1|0.13|0.16|||||33.3|||21.7|||42||3|4.5|5.9|44|47|59|25|27|36|21|25|38|".37"|".37"|0|0|0|0|0|0|0|0|0|0|0|0|12.2|13.9|18.6|9.2|10.4|14|1|2.4|4.4|3.6|4.6|5.5|||||||||||||||||||||||||||||||||"22142429"|"65378174"
"H1"||"H"||1||0|||15|||||0|0|0|0|0|0|90|95|100|85|95|100|80|90|95|70|80|85||26.3|||2.1|||3|||4.3|||8.2|||8.7|||52.7||||||||15|21|27||||0.5|1.25|2||||1.3|1.4|1.5|||||1.51|||4|9|14|0.17|0.19|0.2|||||27.8|||13|||43||0|1.5|2.9|27|34|41|10|14|19|4|10|16|".37"|".37"|0|0|0|0|0|0|0|0|0|0|0|0|6.4|10.2|13.9|4.8|7.6|10.5|1|2.4|4.4|4.5|5|5.5|||||||||||||||||||||||||||||||||"22142430"|"65378175"
"H2"||"H"||2||15|||65|||||0|0|0|0|0|0|70|85|100|65|85|95|65|85|95|60|80|90||5.5|||0.2|||0.3|||0.6|||1.7|||2.7|||47||||||||35|47.5|60||||0|0.25|0.5||||1.35|1.45|1.55|||||1.73|||1.4|2.7|4|0.08|0.12|0.16|||||30|||23.9|||39||0|1.5|2.9|44|56|68|25|34|44|12|28|44|".28"|".28"|0|0|0|0|0|0|0|0|0|0|0|0|12.2|17.2|22.1|9.2|12.9|16.6|1|2.4|4.4|4.5|5|5.5|||||||||||||||||||||||||||||||||"22142430"|"65378176"
"H3"||"H"||3||65|||88|||||0|0|0|0|0|0|40|45|65|35|40|60|35|40|60|30|35|55||17.6|||0.2|||0.4|||1.2|||5.1|||10.7|||49.4||||||||25|33|40||||0|0.25|0.5||||1.3|1.4|1.5|||||1.72|||0.42|0.9|1.4|0|0.01|0.01|||||18|||10.5|||25||0|1.5|2.9|35|43|50|17|23|29|1|2|12|".15"|".43"|0|0|0|0|0|0|0|0|0|0|0|0|8.8|12.1|15.1|6.6|9.1|11.3|1|2.4|4.4|4.5|5|5.5|||||||||||||||||||||||||||||||||"22142430"|"65378177"
"H4"||"H"||4||88|||152||||||||||||||||||||||||||||||||||||||||||||||||||||||||||||||||||||||||0.42|0.9|1.4|0|0|0|||||||||||||||||||||||||||||||||||||||||||||||||||||||||||||||||||||||||||||||||||"22142430"|"65378178"
"H3"||"H"||3||65|||88|||||0|0|0|0|0|0|40|45|65|35|40|60|35|40|60|30|35|55||17.6|||0.2|||0.4|||1.2|||5.1|||10.7|||49.4||||||||25|33|40||||0|0.25|0.5||||1.3|1.4|1.5|||||1.72|||0.42|0.9|1.4|0|0.01|0.01|||||18|||10.5|||25||0|1.5|2.9|35|43|50|17|23|29|1|2|12|".15"|".43"|0|0|0|0|0|0|0|0|0|0|0|0|8.8|12.1|15.1|6.6|9.1|11.3|1|2.4|4.4|4.5|5|5.5|||||||||||||||||||||||||||||||||"22142431"|"65378181"
"H2"||"H"||2||15|||65|||||0|0|0|0|0|0|70|85|100|65|85|95|65|85|95|60|80|90||5.5|||0.2|||0.3|||0.6|||1.7|||2.7|||47||||||||35|47.5|60||||0|0.25|0.5||||1.35|1.45|1.55|||||1.73|||1.4|2.7|4|0.08|0.12|0.16|||||30|||23.9|||39||0|1.5|2.9|44|56|68|25|34|44|12|28|44|".28"|".28"|0|0|0|0|0|0|0|0|0|0|0|0|12.2|17.2|22.1|9.2|12.9|16.6|1|2.4|4.4|4.5|5|5.5|||||||||||||||||||||||||||||||||"22142431"|"65378180"
"H1"||"H"||1||0|||15|||||0|0|0|0|0|0|90|95|100|85|95|100|80|90|95|70|80|85||26.3|||2.1|||3|||4.3|||8.2|||8.7|||52.7||||||||15|21|27||||0.5|1.25|2||||1.3|1.4|1.5|||||1.51|||4|9|14|0.17|0.19|0.2|||||27.8|||13|||43||0|1.5|2.9|27|34|41|10|14|19|4|10|16|".37"|".37"|0|0|0|0|0|0|0|0|0|0|0|0|6.4|10.2|13.9|4.8|7.6|10.5|1|2.4|4.4|4.5|5|5.5|||||||||||||||||||||||||||||||||"22142431"|"65378179"
"H4"||"H"||4||88|||152||||||||||||||||||||||||||||||||||||||||||||||||||||||||||||||||||||||||0.42|0.9|1.4|0|0|0|||||||||||||||||||||||||||||||||||||||||||||||||||||||||||||||||||||||||||||||||||"22142431"|"65378182"
"H1"||"H"||1||0|||15|||||0|0|0|0|0|0|90|95|100|85|95|100|80|90|95|70|80|85||26.3|||2.1|||3|||4.3|||8.2|||8.7|||52.7||||||||15|21|27||||0.5|1.25|2||||1.3|1.4|1.5|||||1.51|||4|9|14|0.17|0.19|0.2|||||27.8|||13|||43||0|1.5|2.9|27|34|41|10|14|19|4|10|16|".37"|".37"|0|0|0|0|0|0|0|0|0|0|0|0|6.4|10.2|13.9|4.8|7.6|10.5|1|2.4|4.4|4.5|5|5.5|||||||||||||||||||||||||||||||||"22142432"|"65378183"
"H2"||"H"||2||15|||65|||||0|0|0|0|0|0|70|85|100|65|85|95|65|85|95|60|80|90||5.5|||0.2|||0.3|||0.6|||1.7|||2.7|||47||||||||35|47.5|60||||0|0.25|0.5||||1.35|1.45|1.55|||||1.73|||1.4|2.7|4|0.08|0.12|0.16|||||30|||23.9|||39||0|1.5|2.9|44|56|68|25|34|44|12|28|44|".28"|".28"|0|0|0|0|0|0|0|0|0|0|0|0|12.2|17.2|22.1|9.2|12.9|16.6|1|2.4|4.4|4.5|5|5.5|||||||||||||||||||||||||||||||||"22142432"|"65378184"
"H4"||"H"||4||88|||152||||||||||||||||||||||||||||||||||||||||||||||||||||||||||||||||||||||||0.42|0.9|1.4|0|0|0|||||||||||||||||||||||||||||||||||||||||||||||||||||||||||||||||||||||||||||||||||"22142432"|"65378186"
"H3"||"H"||3||65|||88|||||0|0|0|0|0|0|40|45|65|35|40|60|35|40|60|30|35|55||17.6|||0.2|||0.4|||1.2|||5.1|||10.7|||49.4||||||||25|33|40||||0|0.25|0.5||||1.3|1.4|1.5|||||1.72|||0.42|0.9|1.4|0|0.01|0.01|||||18|||10.5|||25||0|1.5|2.9|35|43|50|17|23|29|1|2|12|".15"|".43"|0|0|0|0|0|0|0|0|0|0|0|0|8.8|12.1|15.1|6.6|9.1|11.3|1|2.4|4.4|4.5|5|5.5|||||||||||||||||||||||||||||||||"22142432"|"65378185"
"H3"||"H"||3||65|||88|||||0|0|0|0|0|0|40|45|65|35|40|60|35|40|60|30|35|55||17.6|||0.2|||0.4|||1.2|||5.1|||10.7|||49.4||||||||25|33|40||||0|0.25|0.5||||1.3|1.4|1.5|||||1.72|||0.42|0.9|1.4|0|0.01|0.01|||||18|||10.5|||25||0|1.5|2.9|35|43|50|17|23|29|1|2|12|".15"|".43"|0|0|0|0|0|0|0|0|0|0|0|0|8.8|12.1|15.1|6.6|9.1|11.3|1|2.4|4.4|4.5|5|5.5|||||||||||||||||||||||||||||||||"22142433"|"65378189"
"H4"||"H"||4||88|||152||||||||||||||||||||||||||||||||||||||||||||||||||||||||||||||||||||||||0.42|0.9|1.4|0|0|0|||||||||||||||||||||||||||||||||||||||||||||||||||||||||||||||||||||||||||||||||||"22142433"|"65378190"
"H2"||"H"||2||15|||65|||||0|0|0|0|0|0|70|85|100|65|85|95|65|85|95|60|80|90||5.5|||0.2|||0.3|||0.6|||1.7|||2.7|||47||||||||35|47.5|60||||0|0.25|0.5||||1.35|1.45|1.55|||||1.73|||1.4|2.7|4|0.08|0.12|0.16|||||30|||23.9|||39||0|1.5|2.9|44|56|68|25|34|44|12|28|44|".28"|".28"|0|0|0|0|0|0|0|0|0|0|0|0|12.2|17.2|22.1|9.2|12.9|16.6|1|2.4|4.4|4.5|5|5.5|||||||||||||||||||||||||||||||||"22142433"|"65378188"
"H1"||"H"||1||0|||15|||||0|0|0|0|0|0|90|95|100|85|95|100|80|90|95|70|80|85||26.3|||2.1|||3|||4.3|||8.2|||8.7|||52.7||||||||15|21|27||||0.5|1.25|2||||1.3|1.4|1.5|||||1.51|||4|9|14|0.17|0.19|0.2|||||27.8|||13|||43||0|1.5|2.9|27|34|41|10|14|19|4|10|16|".37"|".37"|0|0|0|0|0|0|0|0|0|0|0|0|6.4|10.2|13.9|4.8|7.6|10.5|1|2.4|4.4|4.5|5|5.5|||||||||||||||||||||||||||||||||"22142433"|"65378187"
"H2"||"H"||2||15|||122|||||0|0|0|0|5|10|55|95|100|50|90|95|45|85|90|40|75|80||19.7|||1.1|||1.9|||1.8|||6.3|||8.6|||54.3||||||||18|26|34||||0.5|1.25|2||||1.3|1.43|1.55|||||1.6|||4|9|14|0.1|0.15|0.2|||||28.2|||15.1|||40||0|1.5|2.9|30|39|47|12|18|24|1|12|19|".43"|".43"|0|0|0|0|0|0|0|0|0|0|0|0|7.4|11.9|16.4|5.6|8.9|12.3|1|2.4|4.4|4.5|5|5.5|||||||||||||||||||||||||||||||||"22142435"|"65378195"
"H3"||"H"||3||122|||157|||||0|0|0|0|8|15|35|65|70|30|60|65|28|60|65|26|55|60||17.8|||0.2|||0.4|||1.2|||5.1|||10.9|||54.2||||||||15|28|34||||0|0.25|0.5||||1.3|1.43|1.55|||||1.66|||4|23|42|0.08|0.12|0.16|||||21.3|||11.4|||30||0|1.5|2.9|26|38|44|10|19|24|0|7|11|".43"|".43"|0|0|0|0|0|0|0|0|0|0|0|0|5.2|10.4|13|3.9|7.8|9.8|1|2.4|4.4|4.5|5|5.5|||||||||||||||||||||||||||||||||"22142435"|"65378196"
"H1"||"H"||1||0|||15|||||0|0|0|0|3|5|80|90|95|75|90|95|70|85|90|60|70|80||29.1|||2.4|||3.4|||4.8|||9.1|||9.4|||53.4||||||||10|17.5|25||||0.5|2.75|5||||1.15|1.23|1.3|||||1.33|||4|9|14|0.16|0.19|0.22|||||25.6|||11|||47||0|1.5|2.9|22|34|45|6|11|17|0|6|14|".32"|".32"|0|0|0|0|0|0|0|0|0|0|0|0|4.6|12.3|20|3.5|9.2|15|1|2.4|4.4|4.5|5|5.5|||||||||||||||||||||||||||||||||"22142435"|"65378194"
"H1"||"H"||1||0|||15|||||0|0|0|0|3|5|80|90|95|75|90|95|70|85|90|60|70|80||29.1|||2.4|||3.4|||4.8|||9.1|||9.4|||53.4||||||||10|17.5|25||||0.5|2.75|5||||1.15|1.23|1.3|||||1.33|||4|9|14|0.16|0.19|0.22|||||25.6|||11|||47||0|1.5|2.9|22|34|45|6|11|17|0|6|14|".32"|".32"|0|0|0|0|0|0|0|0|0|0|0|0|4.6|12.3|20|3.5|9.2|15|1|2.4|4.4|4.5|5|5.5|||||||||||||||||||||||||||||||||"22142436"|"65378198"
"H3"||"H"||3||122|||157|||||0|0|0|0|8|15|35|65|70|30|60|65|28|60|65|26|55|60||17.8|||0.2|||0.4|||1.2|||5.1|||10.9|||54.2||||||||15|28|34||||0|0.25|0.5||||1.3|1.43|1.55|||||1.66|||4|23|42|0.08|0.12|0.16|||||21.3|||11.4|||30||0|1.5|2.9|26|38|44|10|19|24|0|7|11|".43"|".43"|0|0|0|0|0|0|0|0|0|0|0|0|5.2|10.4|13|3.9|7.8|9.8|1|2.4|4.4|4.5|5|5.5|||||||||||||||||||||||||||||||||"22142436"|"65378197"
"H2"||"H"||2||15|||122|||||0|0|0|0|5|10|55|95|100|50|90|95|45|85|90|40|75|80||19.7|||1.1|||1.9|||1.8|||6.3|||8.6|||54.3||||||||18|26|34||||0.5|1.25|2||||1.3|1.43|1.55|||||1.6|||4|9|14|0.1|0.15|0.2|||||28.2|||15.1|||40||0|1.5|2.9|30|39|47|12|18|24|1|12|19|".43"|".43"|0|0|0|0|0|0|0|0|0|0|0|0|7.4|11.9|16.4|5.6|8.9|12.3|1|2.4|4.4|4.5|5|5.5|||||||||||||||||||||||||||||||||"22142436"|"65378199"
"Ap"||"A"|||0|0|0|10|25|35||25||0|0|0|0|0|4|83|92|100|82|92|100|66|79|90|47|57|68|25|42|51|2.2|3.7|4.5|4.9|8.2|10|6.5|10.9|13.2|7.5|12.6|15.3|3.9|6.6|8|30|38|48|||||||15|20|27|0|0|0|0.5|1.25|2||||1.3|1.38|1.45||||1.37|1.45|1.51||4|23|42|0.15|0.16|0.19||||21.7|26.8|31.3|7.8|12.1|17.4|37|43|48|0|1.5|2.9|16|20|25|5|6|9|0|0|3|".28"|".28"|0|0|0|0|0|0|0|0|0|0|0|0|3.6|7.3|10.3||||0.7|5.2|7.6|3.6|6|6||||||||||2.2|5.5|13.3|||||||||||||||||||||"22142437"|"65378215"
"Bt1"||"B"||1|10|25|35|35|48|65||23||0|0|0|0|1|6|79|96|100|78|96|100|63|88|100|46|70|91|10|30|50|0.3|0.9|1.5|1.7|5.1|8.5|2.8|8.5|14.2|3.5|10.4|17.3|1.7|5.1|8.5|0|32|60|||||||30|38|60|0|0|0|0|0.25|0.5||||1.45|1.53|1.6||||1.67|1.75|1.83||4|9|14|0.1|0.12|0.15||||26.9|34.5|41.7|15.9|24|39.1|31|39|43|3|4.5|5.9|27|34|42|10|14|18|1|8|17|".24"|".24"|0|0|0|0|0|0|0|0|0|0|0|0||||0.3|5.3|15.1|1.6|2.6|5.4|3.6|5.4|6||||||||||2.1|8.6|22.5|||||||||||||||||||||"22142437"|"65378216"
"Bt2"||"B"||2|35|48|65|152|183|200||135||0|0|0|0|1|16|40|82|100|38|82|100|30|73|100|24|65|97|10|22|50|1.5|3.2|7.3|2.7|5.9|13.4|2.3|5.1|11.6|2.4|5.2|11.8|1.1|2.6|5.9|0|28|57|||||||33|50|70|0|0|0|0|0.25|0.5||||1.45|1.53|1.6||||1.7|1.78|1.86||4|9|14|0.04|0.1|0.15||||12.7|31.8|39.1|8.2|24.6|35.2|17|35|43|3|4.5|5.9|34|42|56|14|18|26|0|4|13|".17"|".17"|0|0|0|0|0|0|0|0|0|0|0|0||||0.3|5.8|16.1|1.7|2.5|6|3.6|5.4|6||||||||||2.5|10.4|24.5|||||||||||||||||||||"22142437"|"65378217"
"Bt2"||"B"||2|35|48|65|152|183|200||135||0|0|0|0|1|16|40|82|100|38|82|100|30|73|100|24|65|97|10|22|50|1.5|3.2|7.3|2.7|5.9|13.4|2.3|5.1|11.6|2.4|5.2|11.8|1.1|2.6|5.9|0|28|57|||||||33|50|70|0|0|0|0|0.25|0.5||||1.45|1.53|1.6||||1.7|1.78|1.86||4|9|14|0.04|0.1|0.15||||12.7|31.8|39.1|8.2|24.6|35.2|17|35|43|3|4.5|5.9|34|42|56|14|18|26|0|4|13|".17"|".17"|0|0|0|0|0|0|0|0|0|0|0|0||||0.3|5.8|16.1|1.7|2.5|6|3.6|5.4|6||||||||||2.5|10.4|24.5|||||||||||||||||||||"22142438"|"65378220"
"Ap"||"A"|||0|0|0|10|25|35||25||0|0|0|0|0|4|83|92|100|82|92|100|66|79|90|47|57|68|25|42|51|2.2|3.7|4.5|4.9|8.2|10|6.5|10.9|13.2|7.5|12.6|15.3|3.9|6.6|8|30|38|48|||||||15|20|27|0|0|0|0.5|1.25|2||||1.3|1.38|1.45||||1.37|1.45|1.51||4|23|42|0.15|0.16|0.19||||21.7|26.8|31.3|7.8|12.1|17.4|37|43|48|0|1.5|2.9|16|20|25|5|6|9|0|0|3|".28"|".28"|0|0|0|0|0|0|0|0|0|0|0|0|3.6|7.3|10.3||||0.7|5.2|7.6|3.6|6|6||||||||||2.2|5.5|13.3|||||||||||||||||||||"22142438"|"65378218"
"Bt1"||"B"||1|10|25|35|35|48|65||23||0|0|0|0|1|6|79|96|100|78|96|100|63|88|100|46|70|91|10|30|50|0.3|0.9|1.5|1.7|5.1|8.5|2.8|8.5|14.2|3.5|10.4|17.3|1.7|5.1|8.5|0|32|60|||||||30|38|60|0|0|0|0|0.25|0.5||||1.45|1.53|1.6||||1.67|1.75|1.83||4|9|14|0.1|0.12|0.15||||26.9|34.5|41.7|15.9|24|39.1|31|39|43|3|4.5|5.9|27|34|42|10|14|18|1|8|17|".24"|".24"|0|0|0|0|0|0|0|0|0|0|0|0||||0.3|5.3|15.1|1.6|2.6|5.4|3.6|5.4|6||||||||||2.1|8.6|22.5|||||||||||||||||||||"22142438"|"65378219"
"H3"||"H"||3||61|||86|||||0|0|0|0|5|10|55|95|100|50|90|95|48|90|95|45|85|90||3|||0|||0|||0|||0.7|||2.3|||42||||||||40|55|80||||0|0.25|0.5||||1.2|1.35|1.5|||||1.68|||0.42|0.9|1.4|0.02|0.04|0.05|||||31.8|||27.2|||43||6|7.5|8.9|62|74|88|40|49|59|12|45|60|".24"|".24"|0|0|0|0|0|0|0|0|0|0|0|0|19.2|24.2|29.1|14.4|18.8|21.8|4.4|8.6|13.9|6.6|7.5|8.4|||||||||||||||||||||||||||||||||"22142439"|"65378076"
"H4"||"H"||4||86|||111||||||||||||||||||||||||||||||||||||||||||||||||||||||||||||||||||||||||0|2.1|4.2|0|0.01|0.01|||||||||||||||||||||||||||||||||||||||||||||||||||||||||||||||||||||||||||||||||||"22142439"|"65378077"
"H1"||"H"||1||0|||13|||||0|0|0|0|5|10|90|95|100|90|95|100|86|95|100|76|90|95||16.9|||0.1|||0.4|||1.1|||4.9|||10.4|||48.1||||||||30|35|40||||0.5|1.75|3||||1.2|1.3|1.4|||||1.49|||4|9|14|0.15|0.18|0.2|||||31.4|||19.1|||45||3|4.5|5.9|41|48|55|21|25|28|15|24|30|".32"|".32"|0|0|0|0|0|0|0|0|0|0|0|0|11.6|16.2|20.8|8.7|12.2|15.6|4.4|8.6|13.9|6.1|7.3|8.4|||||||||||||||||||||||||||||||||"22142439"|"65378074"
"H2"||"H"||2||13|||61|||||0|0|0|0|5|10|90|95|100|90|95|100|81|95|100|68|90|95||8.9|||0.8|||1.1|||1.5|||2.7|||2.8|||21.1||||||||60|70|80||||0|0.25|0.5||||1.3|1.38|1.45|||||1.71|||0.42|0.9|1.4|0.1|0.13|0.15|||||40.3|||35.8|||43||6|7.5|8.9|67|76|88|44|51|59|29|51|65|".15"|".15"|0|0|0|0|0|0|0|0|0|0|0|0|21|25.1|29.1|15.8|18.8|21.8|4.4|8.6|13.9|6.1|7.3|8.4|||||||||||||||||||||||||||||||||"22142439"|"65378075"
"H4"||"H"||4||86|||111||||||||||||||||||||||||||||||||||||||||||||||||||||||||||||||||||||||||0|2.1|4.2|0|0.01|0.01|||||||||||||||||||||||||||||||||||||||||||||||||||||||||||||||||||||||||||||||||||"22142440"|"65378081"
"H3"||"H"||3||61|||86|||||0|0|0|0|5|10|55|95|100|50|90|95|48|90|95|45|85|90||3|||0|||0|||0|||0.7|||2.3|||42||||||||40|55|80||||0|0.25|0.5||||1.2|1.35|1.5|||||1.68|||0.42|0.9|1.4|0.02|0.04|0.05|||||31.8|||27.2|||43||6|7.5|8.9|62|74|88|40|49|59|12|45|60|".24"|".24"|0|0|0|0|0|0|0|0|0|0|0|0|19.2|24.2|29.1|14.4|18.8|21.8|4.4|8.6|13.9|6.6|7.5|8.4|||||||||||||||||||||||||||||||||"22142440"|"65378080"
"H2"||"H"||2||13|||61|||||0|0|0|0|5|10|90|95|100|90|95|100|81|95|100|68|90|95||8.9|||0.8|||1.1|||1.5|||2.7|||2.8|||21.1||||||||60|70|80||||0|0.25|0.5||||1.3|1.38|1.45|||||1.71|||0.42|0.9|1.4|0.1|0.13|0.15|||||40.3|||35.8|||43||6|7.5|8.9|67|76|88|44|51|59|29|51|65|".15"|".15"|0|0|0|0|0|0|0|0|0|0|0|0|21|25.1|29.1|15.8|18.8|21.8|4.4|8.6|13.9|6.1|7.3|8.4|||||||||||||||||||||||||||||||||"22142440"|"65378079"
"H1"||"H"||1||0|||13|||||0|0|0|0|5|10|90|95|100|90|95|100|86|95|100|76|90|95||16.9|||0.1|||0.4|||1.1|||4.9|||10.4|||48.1||||||||30|35|40||||0.5|1.75|3||||1.2|1.3|1.4|||||1.49|||4|9|14|0.15|0.18|0.2|||||31.4|||19.1|||45||3|4.5|5.9|41|48|55|21|25|28|15|24|30|".32"|".32"|0|0|0|0|0|0|0|0|0|0|0|0|11.6|16.2|20.8|8.7|12.2|15.6|4.4|8.6|13.9|6.1|7.3|8.4|||||||||||||||||||||||||||||||||"22142440"|"65378078"
"H1"||"H"||1||0|||13|||||0|0|0|0|5|10|90|95|100|90|95|100|86|95|100|76|90|95||16.9|||0.1|||0.4|||1.1|||4.9|||10.4|||48.1||||||||30|35|40||||0.5|1.75|3||||1.2|1.3|1.4|||||1.49|||4|9|14|0.15|0.18|0.2|||||31.4|||19.1|||45||3|4.5|5.9|41|48|55|21|25|28|15|24|30|".32"|".32"|0|0|0|0|0|0|0|0|0|0|0|0|11.6|16.2|20.8|8.7|12.2|15.6|4.4|8.6|13.9|6.1|7.3|8.4|||||||||||||||||||||||||||||||||"22142441"|"65378082"
"H2"||"H"||2||13|||61|||||0|0|0|0|5|10|90|95|100|90|95|100|81|95|100|68|90|95||8.9|||0.8|||1.1|||1.5|||2.7|||2.8|||21.1||||||||60|70|80||||0|0.25|0.5||||1.3|1.38|1.45|||||1.71|||0.42|0.9|1.4|0.1|0.13|0.15|||||40.3|||35.8|||43||6|7.5|8.9|67|76|88|44|51|59|29|51|65|".15"|".15"|0|0|0|0|0|0|0|0|0|0|0|0|21|25.1|29.1|15.8|18.8|21.8|4.4|8.6|13.9|6.1|7.3|8.4|||||||||||||||||||||||||||||||||"22142441"|"65378083"
"H3"||"H"||3||61|||86|||||0|0|0|0|5|10|55|95|100|50|90|95|48|90|95|45|85|90||3|||0|||0|||0|||0.7|||2.3|||42||||||||40|55|80||||0|0.25|0.5||||1.2|1.35|1.5|||||1.68|||0.42|0.9|1.4|0.02|0.04|0.05|||||31.8|||27.2|||43||6|7.5|8.9|62|74|88|40|49|59|12|45|60|".24"|".24"|0|0|0|0|0|0|0|0|0|0|0|0|19.2|24.2|29.1|14.4|18.8|21.8|4.4|8.6|13.9|6.6|7.5|8.4|||||||||||||||||||||||||||||||||"22142441"|"65378084"
"H4"||"H"||4||86|||111||||||||||||||||||||||||||||||||||||||||||||||||||||||||||||||||||||||||0|2.1|4.2|0|0.01|0.01|||||||||||||||||||||||||||||||||||||||||||||||||||||||||||||||||||||||||||||||||||"22142441"|"65378085"
"H1"||"H"||1||0|||46|||||0|0|0|10|25|40|90|95|100|85|90|100|75|80|90|55|60|70||41.6|||3.9|||5.4|||7.3|||13|||12|||37.4||||||||15|21|27||||0.5|1.25|2||||1.3|1.38|1.45|||||1.54|||4|23|42|0.12|0.15|0.18|||||22.7|||10.5|||36||0|1.5|2.9|16|21|25|0|2|3|0|0|0|".20"|".37"|0|0|0|0|0|0|0|0|0|0|0|0|2.6|4.9|7.2|2|3.7|5.4|0.1|0.7|1.6|3.6|4.8|6|||||||||||||||||||||||||||||||||"22142442"|"65378201"
"H3"||"H"||3||86|||157|||||0|0|0|0|5|10|75|90|100|70|85|100|65|80|90|60|70|75||17.1|||1.5|||2.1|||2.9|||5.3|||5.3|||27.9||||||||36|55|70||||0|0.25|0.5||||1.45|1.53|1.6|||||1.87|||4|9|14|0.1|0.12|0.14|||||32.5|||27|||35||3|4.5|5.9|32|45|56|7|11|14|2|8|13|".17"|".17"|0|0|0|0|0|0|0|0|0|0|0|0|4|6.1|8.1|3|4.5|6.1|0.1|0.7|1.6|3.6|4.8|6|||||||||||||||||||||||||||||||||"22142442"|"65378200"
"H2"||"H"||2||46|||86|||||0|0|0|0|5|10|70|90|100|65|85|100|60|80|90|50|65|70||31.1|||2.7|||3.2|||6|||10.6|||8.6|||30.9||||||||30|38|50||||0|0.25|0.5||||1.45|1.53|1.6|||||1.78|||4|9|14|0.1|0.13|0.15|||||31.2|||21.7|||35||3|4.5|5.9|27|33|42|4|6|9|0|2|6|".24"|".24"|0|0|0|0|0|0|0|0|0|0|0|0|3|4.4|6.1|2.2|3.3|4.6|0.1|0.7|1.6|3.6|4.8|6|||||||||||||||||||||||||||||||||"22142442"|"65378202"
"H2"||"H"||2||46|||86|||||0|0|0|0|5|10|70|90|100|65|85|100|60|80|90|50|65|70||31.1|||2.7|||3.2|||6|||10.6|||8.6|||30.9||||||||30|38|50||||0|0.25|0.5||||1.45|1.53|1.6|||||1.78|||4|9|14|0.1|0.13|0.15|||||31.2|||21.7|||35||3|4.5|5.9|27|33|42|4|6|9|0|2|6|".24"|".24"|0|0|0|0|0|0|0|0|0|0|0|0|3|4.4|6.1|2.2|3.3|4.6|0.1|0.7|1.6|3.6|4.8|6|||||||||||||||||||||||||||||||||"22142443"|"65378203"
"H3"||"H"||3||86|||157|||||0|0|0|0|5|10|75|90|100|70|85|100|65|80|90|60|70|75||17.1|||1.5|||2.1|||2.9|||5.3|||5.3|||27.9||||||||36|55|70||||0|0.25|0.5||||1.45|1.53|1.6|||||1.87|||4|9|14|0.1|0.12|0.14|||||32.5|||27|||35||3|4.5|5.9|32|45|56|7|11|14|2|8|13|".17"|".17"|0|0|0|0|0|0|0|0|0|0|0|0|4|6.1|8.1|3|4.5|6.1|0.1|0.7|1.6|3.6|4.8|6|||||||||||||||||||||||||||||||||"22142443"|"65378204"
"H1"||"H"||1||0|||46|||||0|0|0|10|25|40|90|95|100|85|90|100|75|80|90|55|60|70||41.6|||3.9|||5.4|||7.3|||13|||12|||37.4||||||||15|21|27||||0.5|1.25|2||||1.3|1.38|1.45|||||1.54|||4|23|42|0.12|0.15|0.18|||||22.7|||10.5|||36||0|1.5|2.9|16|21|25|0|2|3|0|0|0|".20"|".37"|0|0|0|0|0|0|0|0|0|0|0|0|2.6|4.9|7.2|2|3.7|5.4|0.1|0.7|1.6|3.6|4.8|6|||||||||||||||||||||||||||||||||"22142443"|"65378205"
"H3"||"H"||3||86|||157|||||0|0|0|0|5|10|75|90|100|70|85|100|65|80|90|60|70|75||17.1|||1.5|||2.1|||2.9|||5.3|||5.3|||27.9||||||||36|55|70||||0|0.25|0.5||||1.45|1.53|1.6|||||1.87|||4|9|14|0.1|0.12|0.14|||||32.5|||27|||35||3|4.5|5.9|32|45|56|7|11|14|2|8|13|".17"|".17"|0|0|0|0|0|0|0|0|0|0|0|0|4|6.1|8.1|3|4.5|6.1|0.1|0.7|1.6|3.6|4.8|6|||||||||||||||||||||||||||||||||"22142444"|"65378208"
"H1"||"H"||1||0|||46|||||0|0|0|0|1|2|85|95|100|80|95|100|70|85|95|50|65|70||41.6|||3.9|||5.4|||7.3|||13|||12|||37.4||||||||15|21|27||||0.5|1.25|2||||1.3|1.38|1.45|||||1.51|||4|23|42|0.14|0.18|0.22|||||27.5|||12.8|||44||0|1.5|2.9|16|21|25|0|2|3|0|0|0|".37"|".37"|0|0|0|0|0|0|0|0|0|0|0|0|2.6|4.9|7.2|2|3.7|5.4|0.1|0.7|1.6|3.6|4.8|6|||||||||||||||||||||||||||||||||"22142444"|"65378206"
"H2"||"H"||2||46|||86|||||0|0|0|0|5|10|70|90|100|65|85|100|60|80|90|50|65|70||31.1|||2.7|||3.2|||6|||10.6|||8.6|||30.9||||||||30|38|50||||0|0.25|0.5||||1.45|1.53|1.6|||||1.78|||4|9|14|0.1|0.13|0.15|||||31.2|||21.7|||35||3|4.5|5.9|27|33|42|4|6|9|0|2|6|".24"|".24"|0|0|0|0|0|0|0|0|0|0|0|0|3|4.4|6.1|2.2|3.3|4.6|0.1|0.7|1.6|3.6|4.8|6|||||||||||||||||||||||||||||||||"22142444"|"65378207"
"H2"||"H"||2||46|||86|||||0|0|0|0|5|10|70|90|100|65|85|100|60|80|90|50|65|70||31.1|||2.7|||3.2|||6|||10.6|||8.6|||30.9||||||||30|38|50||||0|0.25|0.5||||1.45|1.53|1.6|||||1.78|||4|9|14|0.1|0.13|0.15|||||31.2|||21.7|||35||3|4.5|5.9|27|33|42|4|6|9|0|2|6|".24"|".24"|0|0|0|0|0|0|0|0|0|0|0|0|3|4.4|6.1|2.2|3.3|4.6|0.1|0.7|1.6|3.6|4.8|6|||||||||||||||||||||||||||||||||"22142446"|"65378210"
"H1"||"H"||1||0|||46|||||0|0|0|0|1|2|85|95|100|80|95|100|70|85|95|50|65|70||41.6|||3.9|||5.4|||7.3|||13|||12|||37.4||||||||15|21|27||||0.5|1.25|2||||1.3|1.38|1.45|||||1.51|||4|23|42|0.14|0.18|0.22|||||27.5|||12.8|||44||0|1.5|2.9|16|21|25|0|2|3|0|0|0|".37"|".37"|0|0|0|0|0|0|0|0|0|0|0|0|2.6|4.9|7.2|2|3.7|5.4|0.1|0.7|1.6|3.6|4.8|6|||||||||||||||||||||||||||||||||"22142446"|"65378209"
"H3"||"H"||3||86|||157|||||0|0|0|0|5|10|75|90|100|70|85|100|65|80|90|60|70|75||17.1|||1.5|||2.1|||2.9|||5.3|||5.3|||27.9||||||||36|55|70||||0|0.25|0.5||||1.45|1.53|1.6|||||1.87|||4|9|14|0.1|0.12|0.14|||||32.5|||27|||35||3|4.5|5.9|32|45|56|7|11|14|2|8|13|".17"|".17"|0|0|0|0|0|0|0|0|0|0|0|0|4|6.1|8.1|3|4.5|6.1|0.1|0.7|1.6|3.6|4.8|6|||||||||||||||||||||||||||||||||"22142446"|"65378211"
"H2"||"H"||2||25|||91|||||0|0|0|0|1|2|85|95|100|80|90|100|70|80|90|50|55|65||38.5|||3.4|||4.9|||6.7|||12.1|||11.4|||36.5||||||||18|25|35||||1|2|3||||1.45|1.58|1.7|||||1.74|||4|9|14|0.08|0.13|0.18|||||29.9|||17.4|||35||0|1.5|2.9|23|30|38|6|10|14|0|3|7|".32"|".32"|0|0|0|0|0|0|0|0|0|0|0|0|8.6|13.2|19|6.4|9.9|14.2|3.1|7.3|12.8|6.1|7.3|8.4|||||||||||||||||||||||||||||||||"22142448"|"65378213"
"H1"||"H"||1||0|||25|||||0|0|0|0|1|2|95|97.5|100|90|95|100|80|90|95|65|70|75||41.6|||3.9|||5.4|||7.3|||13|||12|||37.4||||||||15|21|27||||1|2|3||||1.35|1.48|1.6|||||1.62|||4|9|14|0.16|0.19|0.22|||||28.8|||14.6|||40||0|1.5|2.9|20|26|31|4|8|10|0|3|6|".28"|".28"|0|0|0|0|0|0|0|0|0|0|0|0|7.5|11.8|16.2|5.6|8.9|12.1|3.1|7.3|12.8|6.1|7.3|8.4|||||||||||||||||||||||||||||||||"22142448"|"65378212"
"H3"||"H"||3||91|||160|||||0|0|0|0|10|20|70|90|100|65|85|100|60|75|90|45|55|70||38.5|||3.4|||4.9|||6.7|||12.1|||11.4|||36.5||||||||15|25|35||||1|2|3||||1.5|1.6|1.7|||||1.78|||4|23|42|0.06|0.1|0.14|||||27.2|||15.9|||31||0|1.5|2.9|20|30|38|4|10|14|0|3|8|".28"|".28"|0|0|0|0|0|0|0|0|0|0|0|0|7.5|13.2|19|5.6|9.9|14.2|3.1|7.3|12.8|6.1|7.3|8.4|||||||||||||||||||||||||||||||||"22142448"|"65378214"
"H1"||"H"||1||0|||23|||||0|0|0|0|0|0|95|97.5|100|90|95|100|81|95|100|65|85|90||13.9|||0.1|||0.4|||1|||4|||8.4|||70.1||||||||12|16|20||||2|3|4||||1.35|1.48|1.6|||||1.6|||4|9|14|0.14|0.19|0.23|||||27.9|||13.2|||39||0|1.5|2.9|18|21|25|3|5|7|0|1|4|".37"|".37"|0|0|0|0|0|0|0|0|0|0|0|0|7.5|10.8|14|5.6|8.1|10.5|3.1|7.3|12.8|5.6|6.7|7.8|||||||||||||||||||||||||||||||||"22142449"|"65378351"
"H2"||"H"||2||23|||94|||||0|0|0|0|0|0|95|97.5|100|90|95|100|81|95|100|65|85|90||6.8|||0|||0|||0.2|||1.9|||4.7|||67.2||||||||18|26|35||||2|3|4||||1.4|1.53|1.65|||||1.7|||4|9|14|0.14|0.19|0.23|||||32|||19.4|||38||0|1.5|2.9|23|30|38|6|10|14|1|7|13|".37"|".37"|0|0|0|0|0|0|0|0|0|0|0|0|9|13.2|17.8|6.8|9.9|13.3|3.1|7.3|12.8|5.6|6.7|7.8|||||||||||||||||||||||||||||||||"22142449"|"65378352"
"H3"||"H"||3||94|||157|||||0|0|0|0|0|0|70|95|100|65|90|100|62|90|95|55|85|90||7|||0.4|||0.6|||0.9|||2.2|||2.9|||65||||||||18|28|35||||0.5|2.25|4||||1.4|1.53|1.65|||||1.71|||4|9|14|0.13|0.18|0.23|||||31|||19|||37||0|1.5|2.9|23|32|38|6|11|14|0|8|13|".37"|".37"|0|0|0|0|0|0|0|0|0|0|0|0|5.6|12.2|17.8|4.2|9|13.3|3.1|7.3|12.8|5.6|6.7|7.8|||||||||||||||||||||||||||||||||"22142449"|"65378353"
"H1"||"H"||1||0|||43|||||0|0|0|0|0|0|90|95|100|90|95|100|80|85|90|60|65|70||43.8|||4.3|||5.9|||7.8|||13.5|||12.3|||40.2||||||||12|16|20||||1|2|3||||1.2|1.3|1.4|||||1.4|||4|9|14|0.16|0.19|0.22|||||25.8|||10.5|||46||0|1.5|2.9|18|21|25|3|5|7|0|0|2|".37"|".37"|0|0|0|0|0|0|0|0|0|0|0|0|5.2|8.5|11.8|3.9|6.4|8.8|3.1|7.3|12.8|6.1|7.3|8.4|||||||||||||||||||||||||||||||||"22142450"|"65378266"
"H3"||"H"||3||114|||157|||||0|0|0|0|5|10|90|95|100|85|90|100|75|85|90|60|65|70||41.4|||3.9|||5.4|||7.3|||12.9|||11.9|||37.1||||||||8|21.5|35||||1|2|3||||1.2|1.3|1.4|||||1.43|||42|92|141|0.04|0.08|0.12|||||26.5|||12.5|||44||0|1.5|2.9|14|26|38|1|8|14|0|2|8|".28"|".28"|0|0|0|0|0|0|0|0|0|0|0|0|4.2|9.9|15.5|3.2|7.4|11.6|3.1|7.3|12.8|6.1|7.3|8.4|||||||||||||||||||||||||||||||||"22142450"|"65378268"
"H2"||"H"||2||43|||114|||||0|0|0|0|3|5|80|95|100|75|90|100|65|80|85|50|65|70||38.5|||3.4|||4.9|||6.7|||12.1|||11.4|||36.5||||||||18|25|35||||1|2|3||||1.3|1.4|1.5|||||1.54|||4|9|14|0.08|0.13|0.18|||||28.6|||15.3|||41||0|1.5|2.9|23|30|38|6|10|14|0|4|8|".32"|".32"|0|0|0|0|0|0|0|0|0|0|0|0|6.8|10.8|15.5|5.1|8.1|11.6|3.1|7.3|12.8|6.1|7.3|8.4|||||||||||||||||||||||||||||||||"22142450"|"65378267"
"H1"||"H"||1||0|||23|||||0|0|0|0|0|0|95|97.5|100|90|95|100|81|95|100|65|85|90||13.9|||0.1|||0.4|||1|||4|||8.4|||70.1||||||||12|16|20||||2|3|4||||1.35|1.48|1.6|||||1.6|||4|9|14|0.14|0.19|0.23|||||27.9|||13.2|||39||0|1.5|2.9|18|21|25|3|5|7|0|1|4|".37"|".37"|0|0|0|0|0|0|0|0|0|0|0|0|7.5|10.8|14|5.6|8.1|10.5|3.1|7.3|12.8|5.6|6.7|7.8|||||||||||||||||||||||||||||||||"22142451"|"65378354"
"H2"||"H"||2||23|||94|||||0|0|0|0|0|0|95|97.5|100|90|95|100|81|95|100|65|85|90||6.8|||0|||0|||0.2|||1.9|||4.7|||67.2||||||||18|26|35||||2|3|4||||1.4|1.53|1.65|||||1.7|||4|9|14|0.14|0.19|0.23|||||32|||19.4|||38||0|1.5|2.9|23|30|38|6|10|14|1|7|13|".37"|".37"|0|0|0|0|0|0|0|0|0|0|0|0|9|13.2|17.8|6.8|9.9|13.3|3.1|7.3|12.8|5.6|6.7|7.8|||||||||||||||||||||||||||||||||"22142451"|"65378355"
"H3"||"H"||3||94|||157|||||0|0|0|0|0|0|70|95|100|65|90|100|62|90|95|55|85|90||7|||0.4|||0.6|||0.9|||2.2|||2.9|||65||||||||18|28|35||||0.5|2.25|4||||1.4|1.53|1.65|||||1.71|||4|9|14|0.13|0.18|0.23|||||31|||19|||37||0|1.5|2.9|23|32|38|6|11|14|0|8|13|".37"|".37"|0|0|0|0|0|0|0|0|0|0|0|0|5.6|12.2|17.8|4.2|9|13.3|3.1|7.3|12.8|5.6|6.7|7.8|||||||||||||||||||||||||||||||||"22142451"|"65378356"
"H2"||"H"||2||43|||114|||||0|0|0|0|3|5|80|95|100|75|90|100|65|80|85|50|65|70||38.5|||3.4|||4.9|||6.7|||12.1|||11.4|||36.5||||||||18|25|35||||1|2|3||||1.3|1.4|1.5|||||1.54|||4|9|14|0.08|0.13|0.18|||||28.6|||15.3|||41||0|1.5|2.9|23|30|38|6|10|14|0|4|8|".32"|".32"|0|0|0|0|0|0|0|0|0|0|0|0|6.8|10.8|15.5|5.1|8.1|11.6|3.1|7.3|12.8|6.1|7.3|8.4|||||||||||||||||||||||||||||||||"22142452"|"65378270"
"H3"||"H"||3||114|||157|||||0|0|0|0|5|10|90|95|100|85|90|100|75|85|90|60|65|70||41.4|||3.9|||5.4|||7.3|||12.9|||11.9|||37.1||||||||8|21.5|35||||1|2|3||||1.2|1.3|1.4|||||1.43|||42|92|141|0.04|0.08|0.12|||||26.5|||12.5|||44||0|1.5|2.9|14|26|38|1|8|14|0|2|8|".28"|".28"|0|0|0|0|0|0|0|0|0|0|0|0|4.2|9.9|15.5|3.2|7.4|11.6|3.1|7.3|12.8|6.1|7.3|8.4|||||||||||||||||||||||||||||||||"22142452"|"65378271"
"H1"||"H"||1||0|||43|||||0|0|0|0|0|0|90|95|100|90|95|100|80|85|90|60|65|70||43.8|||4.3|||5.9|||7.8|||13.5|||12.3|||40.2||||||||12|16|20||||1|2|3||||1.2|1.3|1.4|||||1.4|||4|9|14|0.16|0.19|0.22|||||25.8|||10.5|||46||0|1.5|2.9|18|21|25|3|5|7|0|0|2|".37"|".37"|0|0|0|0|0|0|0|0|0|0|0|0|5.2|8.5|11.8|3.9|6.4|8.8|3.1|7.3|12.8|6.1|7.3|8.4|||||||||||||||||||||||||||||||||"22142452"|"65378269"
"H1"||"H"||1||0|||23|||||0|0|0|0|0|0|95|97.5|100|90|95|100|81|95|100|65|85|90||13.9|||0.1|||0.4|||1|||4|||8.4|||70.1||||||||12|16|20||||2|3|4||||1.35|1.48|1.6|||||1.6|||4|9|14|0.14|0.19|0.23|||||27.9|||13.2|||39||0|1.5|2.9|18|21|25|3|5|7|0|1|4|".37"|".37"|0|0|0|0|0|0|0|0|0|0|0|0|7.5|10.8|14|5.6|8.1|10.5|3.1|7.3|12.8|5.6|6.7|7.8|||||||||||||||||||||||||||||||||"22142454"|"65378357"
"H2"||"H"||2||23|||94|||||0|0|0|0|0|0|95|97.5|100|90|95|100|81|95|100|65|85|90||6.8|||0|||0|||0.2|||1.9|||4.7|||67.2||||||||18|26|35||||2|3|4||||1.4|1.53|1.65|||||1.7|||4|9|14|0.14|0.19|0.23|||||32|||19.4|||38||0|1.5|2.9|23|30|38|6|10|14|1|7|13|".37"|".37"|0|0|0|0|0|0|0|0|0|0|0|0|9|13.2|17.8|6.8|9.9|13.3|3.1|7.3|12.8|5.6|6.7|7.8|||||||||||||||||||||||||||||||||"22142454"|"65378358"
"H3"||"H"||3||94|||157|||||0|0|0|0|0|0|70|95|100|65|90|100|62|90|95|55|85|90||7|||0.4|||0.6|||0.9|||2.2|||2.9|||65||||||||18|28|35||||0.5|2.25|4||||1.4|1.53|1.65|||||1.71|||4|9|14|0.13|0.18|0.23|||||31|||19|||37||0|1.5|2.9|23|32|38|6|11|14|0|8|13|".37"|".37"|0|0|0|0|0|0|0|0|0|0|0|0|5.6|12.2|17.8|4.2|9|13.3|3.1|7.3|12.8|5.6|6.7|7.8|||||||||||||||||||||||||||||||||"22142454"|"65378359"
"H3"||"H"||3||68|||120|||||0|0|0|0|3|5|60|90|100|55|85|100|50|80|90|45|70|80||23.1|||3.2|||3.7|||4.2|||6.5|||5.5|||28.9||||||||35|48|60||||0.5|0.75|1||||1.3|1.4|1.5|||||1.67|||4|9|14|0.11|0.15|0.19|||||34.7|||24.1|||40||3|4.5|5.9|45|57|69|25|35|44|6|23|37|".20"|".20"|0|0|0|0|0|0|0|0|0|0|0|0|13.4|18.5|23.2|10|13.9|17.4|1|2.4|4.4|3.6|5.1|6.5|||||||||||||||||||||||||||||||||"22142462"|"65378302"
"H1"||"H"||1||0|||28|||||0|0|0|0|2|3|90|95|100|90|95|100|85|95|100|75|85|90||29.8|||2.5|||3.5|||4.9|||9.3|||9.6|||54.7||||||||6|15.5|25||||1|2|3||||1.3|1.4|1.5|||||1.51|||14|28|42|0.11|0.16|0.2|||||25.9|||10.9|||42||0|1.5|2.9|20|31|41|3|10|17|0|7|16|".37"|".37"|0|0|0|0|0|0|0|0|0|0|0|0|4.3|9.9|15.5|3.3|7.4|11.6|1|2.4|4.4|3.6|5.1|6.5|||||||||||||||||||||||||||||||||"22142462"|"65378301"
"H4"||"H"||4||120|||157|||||0|0|0|0|5|10|65|80|100|60|75|100|57|75|95|55|70|85||16.9|||0.1|||0.4|||1.1|||4.9|||10.4|||48.1||||||||27|35|45||||0|0.25|0.5||||1.4|1.48|1.55|||||1.71|||4|9|14|0.1|0.14|0.18|||||27.4|||17.2|||34||3|4.5|5.9|37|44|54|19|25|32|7|15|28|".20"|".37"|0|0|0|0|0|0|0|0|0|0|0|0|9.4|12.8|16.9|7.1|9.6|12.7|1|2.4|4.4|3.6|5.1|6.5|||||||||||||||||||||||||||||||||"22142462"|"65378303"
"H2"||"H"||2||28|||68|||||0|0|0|0|2|3|90|95|100|85|90|100|81|90|95|75|85|90||17.8|||0.2|||0.4|||1.2|||5.1|||10.9|||54.2||||||||12|28|35||||0.5|0.75|1||||1.3|1.4|1.5|||||1.56|||14|28|42|0.11|0.16|0.2|||||28.8|||15.5|||42||0|1.5|2.9|24|39|46|7|19|25|3|16|23|".43"|".43"|0|0|0|0|0|0|0|0|0|0|0|0|5.3|11.5|14.5|4|8.6|10.9|1|2.4|4.4|3.6|5.1|6.5|||||||||||||||||||||||||||||||||"22142462"|"65378300"
"Bt"||"B"|||15|20|50|133|155|280||135||0|0|6|0|1|20|72|77|100|71|76|100|61|72|100|46|60|94|10|26|60|0.6|1.6|3.7|0.8|2.2|5.1|1.9|4.9|11.3|3.6|9.4|21.7|3.6|7.9|18.2|5|29|56|||||||34|45|55|0|0|0|0|0.25|0.5||||1.2|1.3|1.4||||1.28|1.38|1.47||4|9|14|0.08|0.09|0.15||||19.5|34.4|41.9|12.4|20.6|29.4|31|42|52|0.5|1.8|3.5|41|52|62|24|32|40|6|16|41|".15"|".20"|0|0|0|0|0|0|0|0|0|0|0|0||||2|5.8|10.6|1.9|2|4.3|4.5|5.2|5.5||||||||||4.7|10.1|16.7|||||||||||||||||||"Moderate"|"Moist"|"22142463"|"65378368"
"Ap"||"A"|||0|0|0|10|10|30||10||0|0|0|0|0|7|84|84|100|83|84|100|67|73|95|44|53|75|25|44|50|2.4|4.3|4.9|3.4|5.9|6.7|4.4|7.8|8.9|7.7|13.6|15.5|7.1|12.4|14|28|41|50|||||||10|15|27|0|0|0|0.5|1.5|3||||1.2|1.3|1.4||||1.24|1.34|1.4||4|9|14|0.15|0.15|0.19||||18.6|23.3|31.4|5.1|8.8|17.5|38|43|51|0.4|0.9|2.3|22|28|42|6|9|18|0|2|13|".37"|".37"|0|0|0|0|0|0|0|0|0|0|0|0||||2.1|3.7|7.5|1.5|1.9|5|4.5|5.2|5.5||||||||||2.9|6.6|14.4|||||||||||||||||||"Moderate"|"Moist"|"22142463"|"65378366"
"BA"||"BA"|||10|10|30|15|20|50||10||0|0|6|0|0|27|80|85|100|79|84|100|61|74|99|40|54|81|10|42|50|0.9|3.9|4.6|1.3|5.5|6.5|1.8|7.4|8.8|3.1|13.1|15.6|3.1|12.1|14.5|15|38|70|||||||10|20|35|0|0|0|0.5|0.5|1||||1.2|1.33|1.45||||1.24|1.37|1.49||4|9|14|0.1|0.15|0.22||||14.8|24.5|32.8|4.1|10.3|19.8|30|43|52|0.3|1|2.5|21|30|45|6|13|24|0|4|19|".37"|".37"|0|0|0|0|0|0|0|0|0|0|0|0||||1.7|4.2|9.2|1.5|2.4|2.6|4.5|5.2|5.5||||||||||2.5|6.2|14|||||||||||||||||||"Moderate"|"Moist"|"22142463"|"65378367"
"BA"||"BA"|||10|10|30|15|20|50||10||0|0|6|0|0|27|80|85|100|79|84|100|61|74|99|40|54|81|10|42|50|0.9|3.9|4.6|1.3|5.5|6.5|1.8|7.4|8.8|3.1|13.1|15.6|3.1|12.1|14.5|15|38|70|||||||10|20|35|0|0|0|0.5|0.5|1||||1.2|1.33|1.45||||1.24|1.37|1.49||4|9|14|0.1|0.15|0.22||||14.8|24.5|32.8|4.1|10.3|19.8|30|43|52|0.3|1|2.5|21|30|45|6|13|24|0|4|19|".37"|".37"|0|0|0|0|0|0|0|0|0|0|0|0||||1.7|4.2|9.2|1.5|2.4|2.6|4.5|5.2|5.5||||||||||2.5|6.2|14|||||||||||||||||||"Moderate"|"Moist"|"22142464"|"65378370"
"Bt"||"B"|||15|20|50|133|155|280||135||0|0|6|0|1|20|72|77|100|71|76|100|61|72|100|46|60|94|10|26|60|0.6|1.6|3.7|0.8|2.2|5.1|1.9|4.9|11.3|3.6|9.4|21.7|3.6|7.9|18.2|5|29|56|||||||34|45|55|0|0|0|0|0.25|0.5||||1.2|1.3|1.4||||1.28|1.38|1.47||4|9|14|0.08|0.09|0.15||||19.5|34.4|41.9|12.4|20.6|29.4|31|42|52|0.5|1.8|3.5|41|52|62|24|32|40|6|16|41|".15"|".20"|0|0|0|0|0|0|0|0|0|0|0|0||||2|5.8|10.6|1.9|2|4.3|4.5|5.2|5.5||||||||||4.7|10.1|16.7|||||||||||||||||||"Moderate"|"Moist"|"22142464"|"65378371"
"Ap"||"A"|||0|0|0|10|10|30||10||0|0|0|0|0|7|84|84|100|83|84|100|67|73|95|44|53|75|25|44|50|2.4|4.3|4.9|3.4|5.9|6.7|4.4|7.8|8.9|7.7|13.6|15.5|7.1|12.4|14|28|41|50|||||||10|15|27|0|0|0|0.5|1.5|3||||1.2|1.3|1.4||||1.24|1.34|1.4||4|9|14|0.15|0.15|0.19||||18.6|23.3|31.4|5.1|8.8|17.5|38|43|51|0.4|0.9|2.3|22|28|42|6|9|18|0|2|13|".37"|".37"|0|0|0|0|0|0|0|0|0|0|0|0||||2.1|3.7|7.5|1.5|1.9|5|4.5|5.2|5.5||||||||||2.9|6.6|14.4|||||||||||||||||||"Moderate"|"Moist"|"22142464"|"65378369"
"Ap"||"A"|||0|0|0|10|10|30||10||0|0|0|0|0|7|84|84|100|83|84|100|67|73|95|44|53|75|25|44|50|2.4|4.3|4.9|3.4|5.9|6.7|4.4|7.8|8.9|7.7|13.6|15.5|7.1|12.4|14|28|41|50|||||||10|15|27|0|0|0|0.5|1.5|3||||1.2|1.3|1.4||||1.24|1.34|1.4||4|9|14|0.15|0.15|0.19||||18.6|23.3|31.4|5.1|8.8|17.5|38|43|51|0.4|0.9|2.3|22|28|42|6|9|18|0|2|13|".37"|".37"|0|0|0|0|0|0|0|0|0|0|0|0||||2.1|3.7|7.5|1.5|1.9|5|4.5|5.2|5.5||||||||||2.9|6.6|14.4|||||||||||||||||||"Moderate"|"Moist"|"22142465"|"65378363"
"Bt"||"B"|||15|20|50|133|155|280||135||0|0|6|0|1|20|72|77|100|71|76|100|61|72|100|46|60|94|10|26|60|0.6|1.6|3.7|0.8|2.2|5.1|1.9|4.9|11.3|3.6|9.4|21.7|3.6|7.9|18.2|5|29|56|||||||34|45|55|0|0|0|0|0.25|0.5||||1.2|1.3|1.4||||1.28|1.38|1.47||4|9|14|0.08|0.09|0.15||||19.5|34.4|41.9|12.4|20.6|29.4|31|42|52|0.5|1.8|3.5|41|52|62|24|32|40|6|16|41|".15"|".20"|0|0|0|0|0|0|0|0|0|0|0|0||||2|5.8|10.6|1.9|2|4.3|4.5|5.2|5.5||||||||||4.7|10.1|16.7|||||||||||||||||||"Moderate"|"Moist"|"22142465"|"65378365"
"BA"||"BA"|||10|10|30|15|20|50||10||0|0|6|0|0|27|80|85|100|79|84|100|61|74|99|40|54|81|10|42|50|0.9|3.9|4.6|1.3|5.5|6.5|1.8|7.4|8.8|3.1|13.1|15.6|3.1|12.1|14.5|15|38|70|||||||10|20|35|0|0|0|0.5|0.5|1||||1.2|1.33|1.45||||1.24|1.37|1.49||4|9|14|0.1|0.15|0.22||||14.8|24.5|32.8|4.1|10.3|19.8|30|43|52|0.3|1|2.5|21|30|45|6|13|24|0|4|19|".37"|".37"|0|0|0|0|0|0|0|0|0|0|0|0||||1.7|4.2|9.2|1.5|2.4|2.6|4.5|5.2|5.5||||||||||2.5|6.2|14|||||||||||||||||||"Moderate"|"Moist"|"22142465"|"65378364"
"H2"||"H"||2||13|||61|||||0|0|0|0|5|10|90|95|100|90|95|100|81|95|100|68|90|95||8.9|||0.8|||1.1|||1.5|||2.7|||2.8|||21.1||||||||60|70|80||||0|0.25|0.5||||1.3|1.38|1.45|||||1.71|||0.42|0.9|1.4|0.1|0.13|0.15|||||40.3|||35.8|||43||6|7.5|8.9|67|76|88|44|51|59|29|51|65|".15"|".15"|0|0|0|0|0|0|0|0|0|0|0|0|21|25.1|29.1|15.8|18.8|21.8|4.4|8.6|13.9|6.1|7.3|8.4|||||||||||||||||||||||||||||||||"22142466"|"65378222"
"H1"||"H"||1||0|||13|||||0|0|0|0|5|10|90|95|100|90|95|100|86|95|100|76|90|95||16.9|||0.1|||0.4|||1.1|||4.9|||10.4|||48.1||||||||30|35|40||||0.5|1.75|3||||1.2|1.3|1.4|||||1.49|||4|9|14|0.15|0.18|0.2|||||31.4|||19.1|||45||3|4.5|5.9|41|48|55|21|25|28|15|24|30|".32"|".32"|0|0|0|0|0|0|0|0|0|0|0|0|11.6|16.2|20.8|8.7|12.2|15.6|4.4|8.6|13.9|6.1|7.3|8.4|||||||||||||||||||||||||||||||||"22142466"|"65378221"
"H4"||"H"||4||86|||111||||||||||||||||||||||||||||||||||||||||||||||||||||||||||||||||||||||||0|2.1|4.2|0|0.01|0.01|||||||||||||||||||||||||||||||||||||||||||||||||||||||||||||||||||||||||||||||||||"22142466"|"65378224"
"H3"||"H"||3||61|||86|||||0|0|0|0|5|10|55|95|100|50|90|95|48|90|95|45|85|90||3|||0|||0|||0|||0.7|||2.3|||42||||||||40|55|80||||0|0.25|0.5||||1.2|1.35|1.5|||||1.68|||0.42|0.9|1.4|0.02|0.04|0.05|||||31.8|||27.2|||43||6|7.5|8.9|62|74|88|40|49|59|12|45|60|".24"|".24"|0|0|0|0|0|0|0|0|0|0|0|0|19.2|24.2|29.1|14.4|18.8|21.8|4.4|8.6|13.9|6.6|7.5|8.4|||||||||||||||||||||||||||||||||"22142466"|"65378223"
"H2"||"H"||2||28|||157|||||0|0|0|0|10|20|70|75|100|65|70|100|60|70|90|55|65|75||26.1|||1.6|||2.2|||5|||9.4|||7.9|||28.9||||||||25|45|55||||0|0.25|0.5||||1.2|1.33|1.45|||||1.61|||4|9|14|0.1|0.11|0.12|||||30.4|||18.6|||36||0|1.5|2.9|30|48|56|10|20|24|3|12|19|".10"|".20"|0|0|0|0|0|0|0|0|0|0|0|0|2.5|5.1|6.6|1.9|3.8|5|0.1|0.7|1.6|4.5|5|5.5|||||||||||||||||||||||||||||||||"22142469"|"65378307"
"H1"||"H"||1||0|||28|||||0|0|0|0|1|2|90|95|100|85|95|100|75|85|95|55|65|70||43|||4|||5.6|||7.6|||13.4|||12.4|||38.5||||||||10|18.5|27||||0.5|1.25|2||||1.2|1.3|1.4|||||1.4|||4|9|14|0.16|0.19|0.22|||||26|||10.8|||46||0|1.5|2.9|16|24|31|2|6|10|0|1|5|".32"|".32"|0|0|0|0|0|0|0|0|0|0|0|0|2.1|4.7|7.2|1.6|3.5|5.4|0.1|0.7|1.6|4.5|5|5.5|||||||||||||||||||||||||||||||||"22142469"|"65378306"
"H1"||"H"||1||0|||28|||||0|0|0|0|1|2|90|95|100|85|95|100|75|85|95|55|65|70||43|||4|||5.6|||7.6|||13.4|||12.4|||38.5||||||||10|18.5|27||||0.5|1.25|2||||1.2|1.3|1.4|||||1.4|||4|9|14|0.16|0.19|0.22|||||26|||10.8|||46||0|1.5|2.9|16|24|31|2|6|10|0|1|5|".32"|".32"|0|0|0|0|0|0|0|0|0|0|0|0|2.1|4.7|7.2|1.6|3.5|5.4|0.1|0.7|1.6|4.5|5|5.5|||||||||||||||||||||||||||||||||"22142471"|"65378308"
"H2"||"H"||2||28|||157|||||0|0|0|0|10|20|70|75|100|65|70|100|60|70|90|55|65|75||26.1|||1.6|||2.2|||5|||9.4|||7.9|||28.9||||||||25|45|55||||0|0.25|0.5||||1.2|1.33|1.45|||||1.61|||4|9|14|0.1|0.11|0.12|||||30.4|||18.6|||36||0|1.5|2.9|30|48|56|10|20|24|3|12|19|".10"|".20"|0|0|0|0|0|0|0|0|0|0|0|0|2.5|5.1|6.6|1.9|3.8|5|0.1|0.7|1.6|4.5|5|5.5|||||||||||||||||||||||||||||||||"22142471"|"65378309"
"H3"||"H"||3||94|||157|||||0|0|0|0|0|0|70|95|100|65|90|100|62|90|95|55|85|90||7|||0.4|||0.6|||0.9|||2.2|||2.9|||65||||||||18|28|35||||0.5|2.25|4||||1.4|1.53|1.65|||||1.71|||4|9|14|0.13|0.18|0.23|||||31|||19|||37||0|1.5|2.9|23|32|38|6|11|14|0|8|13|".37"|".37"|0|0|0|0|0|0|0|0|0|0|0|0|5.6|12.2|17.8|4.2|9|13.3|3.1|7.3|12.8|5.6|6.7|7.8|||||||||||||||||||||||||||||||||"22142475"|"65378362"
"H1"||"H"||1||0|||23|||||0|0|0|0|0|0|95|97.5|100|90|95|100|81|95|100|65|85|90||13.9|||0.1|||0.4|||1|||4|||8.4|||70.1||||||||12|16|20||||2|3|4||||1.35|1.48|1.6|||||1.6|||4|9|14|0.14|0.19|0.23|||||27.9|||13.2|||39||0|1.5|2.9|18|21|25|3|5|7|0|1|4|".37"|".37"|0|0|0|0|0|0|0|0|0|0|0|0|7.5|10.8|14|5.6|8.1|10.5|3.1|7.3|12.8|5.6|6.7|7.8|||||||||||||||||||||||||||||||||"22142475"|"65378360"
"H2"||"H"||2||23|||94|||||0|0|0|0|0|0|95|97.5|100|90|95|100|81|95|100|65|85|90||6.8|||0|||0|||0.2|||1.9|||4.7|||67.2||||||||18|26|35||||2|3|4||||1.4|1.53|1.65|||||1.7|||4|9|14|0.14|0.19|0.23|||||32|||19.4|||38||0|1.5|2.9|23|30|38|6|10|14|1|7|13|".37"|".37"|0|0|0|0|0|0|0|0|0|0|0|0|9|13.2|17.8|6.8|9.9|13.3|3.1|7.3|12.8|5.6|6.7|7.8|||||||||||||||||||||||||||||||||"22142475"|"65378361"
"H1"||"H"||1||0|||5|||||0|0|0|0|5|10|65|70|80|60|65|75|55|60|70|45|50|55||26.3|||2.1|||3|||4.3|||8.2|||8.7|||52.7||||||||15|21|27||||1|2.5|4||||1.2|1.3|1.4|||||1.46|||14|28|42|0.08|0.11|0.14|||||22.2|||10.7|||36||0|1.5|2.9|20|26|31|4|8|10|0|1|3|".15"|".28"|0|0|0|0|0|0|0|0|0|0|0|0|6|10.9|15.8|4.5|8.2|11.8|1|2.4|4.4|4.5|5.3|6|||||||||||||||||||||||||||||||||"22142476"|"65378310"
"H3"||"H"||3||43|||68||||||||||||||||||||||||||||||||||||||||||||||||||||||||||||||||||||||||4|73|141|0|0|0|||||||||||||||||||||||||||||||||||||||||||||||||||||||||||||||||||||||||||||||||||"22142476"|"65378312"
"H2"||"H"||2||5|||43|||||0|0|0|0|10|20|40|45|55|35|40|50|32|40|45|24|36|40||26.3|||2.1|||3|||4.3|||8.2|||8.7|||52.7||||||||15|21|27||||0|0.25|0.5||||1.2|1.3|1.4|||||1.53|||14|28|42|0.04|0.06|0.08|||||14.3|||6|||26||0|1.5|2.9|20|26|31|4|8|10|0|0|0|".10"|".43"|0|0|0|0|0|0|0|0|0|0|0|0|3.8|5.8|7.9|2.8|4.4|5.9|1|2.4|4.4|4.5|5.3|6|||||||||||||||||||||||||||||||||"22142476"|"65378311"
"H3"||"H"||3||48|||68|||||0|0|0|0|20|40|10|30|55|5|25|50|4|25||4|22|35||30.9|||2.6|||3.6|||5.1|||9.7|||9.9|||56.6||||||||5|12.5|20||||0|0.25|0.5||||1.2|1.4|1.6|||||1.68|||14|28|42|0.04|0.07|0.1|||||7.4|||2.4|||14||0|1.5|2.9|16|24|31|2|8|13|0|0|0|".05"|".55"|0|0|0|0|0|0|0|0|0|0|0|0|1.2|3.7|6.1|0.9|2.8|4.6|1|2.4|4.4|3.6|5.1|6.5|||||||||||||||||||||||||||||||||"22142477"|"65378313"
"H1"||"H"||1||0|||10|||||0|0|0|0|15|30|40|80|90|35|75|85|32|75|80|24|68|75||30.4|||2.5|||3.6|||5|||9.5|||9.8|||55.6||||||||5|14|23||||2|3|4||||1.2|1.35|1.5|||||1.46|||4|23|42|0.08|0.1|0.12|||||20.9|||8.8|||35||0|1.5|2.9|21|31|42|2|9|15|0|4|11|".17"|".32"|0|0|0|0|0|0|0|0|0|0|0|0|5.8|10.2|14.8|4.3|7.7|11.1|1|2.4|4.4|3.6|5.1|6.5|||||||||||||||||||||||||||||||||"22142477"|"65378315"
"H4"||"H"||4||68|||93||||||||||||||||||||||||||||||||||||||||||||||||||||||||||||||||||||||||1.4|71|141||||||||||||||||||||||||||||||||||||||||||||||||||||||||||||||||||||||||||||||||||||||"22142477"|"65378314"
"H2"||"H"||2||10|||48|||||0|0|0|5|15|30|45|80|90|40|60|80|36|60|75|28|54|65||27.1|||2.2|||3.1|||4.4|||8.5|||8.9|||54.4||||||||5|18.5|27||||0|0.25|0.5||||1.2|1.4|1.6|||||1.56|||4|23|42|0.04|0.07|0.1|||||17.5|||7.1|||30||0|1.5|2.9|16|29|38|2|12|19|0|3|10|".17"|".49"|0|0|0|0|0|0|0|0|0|0|0|0|1.2|5.2|7.9|0.9|3.9|5.9|1|2.4|4.4|3.6|5.1|6.5|||||||||||||||||||||||||||||||||"22142477"|"65378316"
"H1"||"H"||1||0|||5|||||0|0|0|0|5|10|65|70|80|60|65|75|55|60|70|45|50|55||26.3|||2.1|||3|||4.3|||8.2|||8.7|||52.7||||||||15|21|27||||1|2.5|4||||1.2|1.3|1.4|||||1.46|||14|28|42|0.08|0.11|0.14|||||22.2|||10.7|||36||0|1.5|2.9|20|26|31|4|8|10|0|1|3|".15"|".28"|0|0|0|0|0|0|0|0|0|0|0|0|6|10.9|15.8|4.5|8.2|11.8|1|2.4|4.4|4.5|5.3|6|||||||||||||||||||||||||||||||||"22142478"|"65378317"
"H3"||"H"||3||43|||68||||||||||||||||||||||||||||||||||||||||||||||||||||||||||||||||||||||||4|73|141|0|0|0|||||||||||||||||||||||||||||||||||||||||||||||||||||||||||||||||||||||||||||||||||"22142478"|"65378319"
"H2"||"H"||2||5|||43|||||0|0|0|0|10|20|40|45|55|35|40|50|32|40|45|24|36|40||26.3|||2.1|||3|||4.3|||8.2|||8.7|||52.7||||||||15|21|27||||0|0.25|0.5||||1.2|1.3|1.4|||||1.53|||14|28|42|0.04|0.06|0.08|||||14.3|||6|||26||0|1.5|2.9|20|26|31|4|8|10|0|0|0|".10"|".43"|0|0|0|0|0|0|0|0|0|0|0|0|3.8|5.8|7.9|2.8|4.4|5.9|1|2.4|4.4|4.5|5.3|6|||||||||||||||||||||||||||||||||"22142478"|"65378318"
"H3"||"H"||3||48|||68|||||0|0|0|0|20|40|10|30|55|5|25|50|4|25||4|22|35||30.9|||2.6|||3.6|||5.1|||9.7|||9.9|||56.6||||||||5|12.5|20||||0|0.25|0.5||||1.2|1.4|1.6|||||1.68|||14|28|42|0.04|0.07|0.1|||||7.4|||2.4|||14||0|1.5|2.9|16|24|31|2|8|13|0|0|0|".05"|".55"|0|0|0|0|0|0|0|0|0|0|0|0|1.2|3.7|6.1|0.9|2.8|4.6|1|2.4|4.4|3.6|5.1|6.5|||||||||||||||||||||||||||||||||"22142479"|"65378322"
"H1"||"H"||1||0|||10|||||0|0|0|0|15|30|40|80|90|35|75|85|32|75|80|24|68|75||30.4|||2.5|||3.6|||5|||9.5|||9.8|||55.6||||||||5|14|23||||2|3|4||||1.2|1.35|1.5|||||1.46|||4|23|42|0.08|0.1|0.12|||||20.9|||8.8|||35||0|1.5|2.9|21|31|42|2|9|15|0|4|11|".17"|".32"|0|0|0|0|0|0|0|0|0|0|0|0|5.8|10.2|14.8|4.3|7.7|11.1|1|2.4|4.4|3.6|5.1|6.5|||||||||||||||||||||||||||||||||"22142479"|"65378320"
"H4"||"H"||4||68|||93||||||||||||||||||||||||||||||||||||||||||||||||||||||||||||||||||||||||1.4|71|141||||||||||||||||||||||||||||||||||||||||||||||||||||||||||||||||||||||||||||||||||||||"22142479"|"65378323"
"H2"||"H"||2||10|||48|||||0|0|0|5|15|30|45|80|90|40|60|80|36|60|75|28|54|65||27.1|||2.2|||3.1|||4.4|||8.5|||8.9|||54.4||||||||5|18.5|27||||0|0.25|0.5||||1.2|1.4|1.6|||||1.56|||4|23|42|0.04|0.07|0.1|||||17.5|||7.1|||30||0|1.5|2.9|16|29|38|2|12|19|0|3|10|".17"|".49"|0|0|0|0|0|0|0|0|0|0|0|0|1.2|5.2|7.9|0.9|3.9|5.9|1|2.4|4.4|3.6|5.1|6.5|||||||||||||||||||||||||||||||||"22142479"|"65378321"
"H1"||"H"||1||0|||5|||||0|0|0|0|5|10|65|70|80|60|65|75|55|60|70|45|50|55||26.3|||2.1|||3|||4.3|||8.2|||8.7|||52.7||||||||15|21|27||||1|2.5|4||||1.2|1.3|1.4|||||1.46|||14|28|42|0.08|0.11|0.14|||||22.2|||10.7|||36||0|1.5|2.9|20|26|31|4|8|10|0|1|3|".15"|".28"|0|0|0|0|0|0|0|0|0|0|0|0|6|10.9|15.8|4.5|8.2|11.8|1|2.4|4.4|4.5|5.3|6|||||||||||||||||||||||||||||||||"22142480"|"65378324"
"H3"||"H"||3||43|||68||||||||||||||||||||||||||||||||||||||||||||||||||||||||||||||||||||||||4|73|141|0|0|0|||||||||||||||||||||||||||||||||||||||||||||||||||||||||||||||||||||||||||||||||||"22142480"|"65378326"
"H2"||"H"||2||5|||43|||||0|0|0|0|10|20|40|45|55|35|40|50|32|40|45|24|36|40||26.3|||2.1|||3|||4.3|||8.2|||8.7|||52.7||||||||15|21|27||||0|0.25|0.5||||1.2|1.3|1.4|||||1.53|||14|28|42|0.04|0.06|0.08|||||14.3|||6|||26||0|1.5|2.9|20|26|31|4|8|10|0|0|0|".10"|".43"|0|0|0|0|0|0|0|0|0|0|0|0|3.8|5.8|7.9|2.8|4.4|5.9|1|2.4|4.4|4.5|5.3|6|||||||||||||||||||||||||||||||||"22142480"|"65378325"
"H2"||"H"||2||30|||180|||||0|0|0|0|3|5|75|90|100|70|85|100|65|75|85|45|55|60||39.1|||3.5|||4.9|||6.8|||12.3|||11.6|||36.9||||||||18|24|30||||0|0.25|0.5||||1.3|1.4|1.5|||||1.47|||4|9|14|0.08|0.12|0.16|||||25.9|||12.4|||40||0|1.5|2.9|20|30|40|2|11|20|0|3|9|".37"|".37"|0|0|0|0|0|0|0|0|0|0|0|0|4.5|6.6|8.6|3.4|4.9|6.5|1.9|4|7.3|5.1|5.6|6|||||||||||||||||||||||||||||||||"22142483"|"65378331"
"H3"||"H"||3||180|||190|||||0|0|0|0|0|0|30|60|100|25|55|100|15|30|50|3|5|10||97.5|||0.7|||13.3|||37.8|||38.4|||7.3|||1.5||||||||0|1|5||||0|0|0||||1.3|1.4|1.5|||||1.49|||42|92|141|0|0.01|0.05||6.3|||3.3|||0.4|||31||0|1.5|2.9|7|7|7|0|0|0|0|0|0|".02"|".05"|0|0|0|0|0|0|0|0|0|0|0|0|0|0|0|0|0|0|1.9|4|7.3|5.1|5.6|6|||||||||||||||||||||||||||||||||"22142483"|"65378332"
"H1"||"H"||1||0|||30|||||0|0|0|0|0|0|90|95|100|90|95|100|80|85|90|60|65|70||43.8|||4.3|||5.9|||7.8|||13.5|||12.3|||40.2||||||||12|16|20||||0.5|0.75|1||||1.2|1.3|1.4|||||1.36|||4|23|42|0.12|0.15|0.18|||||24.4|||9|||47||0|1.5|2.9|15|25|35|0|5|10|0|1|6|".32"|".32"|0|0|0|0|0|0|0|0|0|0|0|0|4.1|5.7|7.2|3.1|4.3|5.4|1.9|4|7.3|5.1|5.6|6|||||||||||||||||||||||||||||||||"22142483"|"65378330"
"H1"||"H"||1||0|||30|||||0|0|0|0|0|0|90|95|100|90|95|100|80|85|90|60|65|70||43.8|||4.3|||5.9|||7.8|||13.5|||12.3|||40.2||||||||12|16|20||||0.5|0.75|1||||1.2|1.3|1.4|||||1.36|||4|23|42|0.12|0.15|0.18|||||24.4|||9|||47||0|1.5|2.9|15|25|35|0|5|10|0|1|6|".32"|".32"|0|0|0|0|0|0|0|0|0|0|0|0|4.1|5.7|7.2|3.1|4.3|5.4|1.9|4|7.3|5.1|5.6|6|||||||||||||||||||||||||||||||||"22142485"|"65378335"
"H3"||"H"||3||180|||190|||||0|0|0|0|0|0|30|60|100|25|55|100|15|30|50|3|5|10||97.5|||0.7|||13.3|||37.8|||38.4|||7.3|||1.5||||||||0|1|5||||0|0|0||||1.3|1.4|1.5|||||1.49|||42|92|141|0|0.01|0.05||6.3|||3.3|||0.4|||31||0|1.5|2.9|7|7|7|0|0|0|0|0|0|".02"|".05"|0|0|0|0|0|0|0|0|0|0|0|0|0|0|0|0|0|0|1.9|4|7.3|5.1|5.6|6|||||||||||||||||||||||||||||||||"22142485"|"65378334"
"H2"||"H"||2||30|||180|||||0|0|0|0|3|5|75|90|100|70|85|100|65|75|85|45|55|60||39.1|||3.5|||4.9|||6.8|||12.3|||11.6|||36.9||||||||18|24|30||||0|0.25|0.5||||1.3|1.4|1.5|||||1.47|||4|9|14|0.08|0.12|0.16|||||25.9|||12.4|||40||0|1.5|2.9|20|30|40|2|11|20|0|3|9|".37"|".37"|0|0|0|0|0|0|0|0|0|0|0|0|4.5|6.6|8.6|3.4|4.9|6.5|1.9|4|7.3|5.1|5.6|6|||||||||||||||||||||||||||||||||"22142485"|"65378333"
"H1"||"H"||1||0|||30|||||0|0|0|0|0|0|95|97.5|100|90|95|100|85|95|100|75|85|90||19.2|||1|||1.8|||1.7|||6.2|||8.5|||54.3||||||||18|26.5|35||||2|3|4||||1.3|1.4|1.5|||||1.56|||1.4|2.7|4|0.18|0.21|0.24|||||31.2|||18.1|||42||3|4.5|5.9|33|43|52|12|18|24|7|16|24|".37"|".37"|0|0|0|0|0|0|0|0|0|0|0|0|10.8|16|21.2|8.1|12|15.9|1|2.4|4.4|3.6|4.6|5.5|||||||||||||||||||||||||||||||||"22142486"|"65378345"
"H2"||"H"||2||30|||99|||||0|0|0|0|0|0|95|97.5|100|90|95|100|90|95|100|85|90|95||7.7|||0.2|||0.5|||0.9|||2.4|||3.7|||49.8||||||||35|42.5|50||||0|0.25|0.5||||1.3|1.45|1.6|||||1.69|||0.42|0.9|1.4|0.12|0.15|0.18|||||30.6|||22.8|||42||3|4.5|5.9|44|51|59|25|30|36|21|29|38|".37"|".37"|0|0|0|0|0|0|0|0|0|0|0|0|12.2|15.4|18.6|9.2|11.6|14|1|2.4|4.4|3.6|4.6|5.5|||||||||||||||||||||||||||||||||"22142486"|"65378346"
"H3"||"H"||3||99|||157|||||0|0|0|0|0|0|95|97.5|100|90|95|100|90|95|100|85|90|95||18.4|||1.3|||2|||2.9|||5.8|||6.4|||43.6||||||||35|38|50||||0|0.25|0.5||||1.3|1.45|1.6|||||1.66|||0.42|0.9|1.4|0.1|0.13|0.16|||||33.3|||21.7|||42||3|4.5|5.9|44|47|59|25|27|36|21|25|38|".37"|".37"|0|0|0|0|0|0|0|0|0|0|0|0|12.2|13.9|18.6|9.2|10.4|14|1|2.4|4.4|3.6|4.6|5.5|||||||||||||||||||||||||||||||||"22142486"|"65378347"
"H1"||"H"||1||0|||20|||||0|0|0|0|0|0|95|97.5|100|95|97.5|100|90|95|100|75|85|90||22.4|||1.9|||2.5|||2.3|||6.8|||8.9|||55.1||||||||15|22.5|30||||1|2.5|4||||1.2|1.3|1.4|||||1.42|||4|9|14|0.15|0.17|0.18|||||29.1|||14.5|||47||0|1.5|2.9|20|30|40|3|9|15||||".37"|".37"|0|0|0|0|0|0|0|0|0|0|0|0|7.5|13.5|19.5|5.6|10.1|14.6|1|2.4|4.4|4.5|5|5.5|||||||||||||||||||||||||||||||||"22142487"|"65378336"
"H3"||"H"||3||79|||157|||||0|0|0|0|0|0|95|97.5|100|95|97.5|100|90|95|100|85|90|95||18.4|||1.3|||2|||2.9|||5.8|||6.4|||43.6||||||||35|38|50||||0|0.25|0.5||||1.4|1.55|1.7|||||1.77|||0.42|0.9|1.4|0.08|0.1|0.12|||||34.5|||23.5|||39||3|4.5|5.9|30|45|60|11|23|35||||".37"|".37"|0|0|0|0|0|0|0|0|0|0|0|0|12.2|13.9|18.6|9.2|10.4|14|1|2.4|4.4|4.5|5|5.5|||||||||||||||||||||||||||||||||"22142487"|"65378338"
"H2"||"H"||2||20|||79|||||0|0|0|0|0|0|95|97.5|100|95|97.5|100|90|95|100|85|90|95||7.4|||0.2|||0.4|||0.8|||2.4|||3.6|||48.6||||||||35|44|50||||0.25|0.5|0.75||||1.3|1.45|1.6|||||1.68|||0.42|2.2|4|0.12|0.14|0.15|||||31.6|||24.3|||42||3|4.5|5.9|30|42.5|55|11|21.5|32||||".32"|".32"|0|0|0|0|0|0|0|0|0|0|0|0|12.8|16.5|19.2|9.6|12.4|14.4|1|2.4|4.4|4.5|5|5.5|||||||||||||||||||||||||||||||||"22142487"|"65378337"
"H1"||"H"||1||0|||5|||||0|1|2|3|9|15|60|80|95|55|75|90|50|75|85|40|65|70||27.1|||2.2|||3.1|||4.4|||8.5|||8.9|||54.4||||||||10|18.5|27||||0.5|1.25|2||||1.2|1.3|1.4|||||1.42|||4|9|14|0.1|0.12|0.14|||||21.7|||9|||39||0|1.5|2.9|22|32|41|6|12|19|0|5|12|".24"|".43"|0|0|0|0|0|0|0|0|0|0|0|0|4.6|9.3|13.9|3.5|7|10.5|1|2.4|4.4|3.6|4.8|6|||||||||||||||||||||||||||||||||"22142488"|"65378225"
"H2"||"H"||2||5|||30|||||0|1|2|0|10|20|25|40|75|20|35|70|18|35|65|14|32|55||22.4|||1.9|||2.5|||2.3|||6.8|||8.9|||55.1||||||||10|22.5|35||||0|0.25|0.5||||1.2|1.4|1.6|||||1.69|||4|9|14|0.04|0.07|0.1|||||13|||6|||21||0|1.5|2.9|21|33|45|6|15|25|0|0|10|".15"|".49"|0|0|0|0|0|0|0|0|0|0|0|0|3.5|8.4|13.4|2.6|6.3|10|1|2.4|4.4|3.6|4.8|6|||||||||||||||||||||||||||||||||"22142488"|"65378226"
"H3"||"H"||3||30|||55||||||||||||||||||||||||||||||||||||||||||||||||||||||||||||||||||||||||0.42|0.9|1.4|0|0.01|0.01|||||||||||||||||||||||||||||||||||||||||||||||||||||||||||||||||||||||||||||||||||"22142488"|"65378227"
"H1"||"H"||1||0|||13|||||3|4|5|7|14|20|50|70|80|45|65|75|40|60|70|35|50|65||27.1|||2.2|||3.1|||4.4|||8.5|||8.9|||54.4||||||||10|18.5|27||||0.5|1.25|2||||1.2|1.35|1.5|||||1.5|||4|9|14|0.13|0.15|0.16|||||18.8|||8|||32||0|1.5|2.9|16|24|31|2|6|10|0|0|4|".20"|".37"|0|0|0|0|0|0|0|0|0|0|0|0|3.6|7.4|11.2|2.7|5.6|8.4|1|2.4|4.4|4.5|5|5.5|||||||||||||||||||||||||||||||||"22142489"|"65378228"
"H3"||"H"||3||61|||86||||||||||||||||||||||||||||||||||||||||||||||||||||||||||||||||||||||||0.42|0.9|1.4|0|0.01|0.01|||||||||||||||||||||||||||||||||||||||||||||||||||||||||||||||||||||||||||||||||||"22142489"|"65378230"
"H2"||"H"||2||13|||61|||||4|6|7|15|18|20|30|55|70|25|50|65|22|50|60|20|45|55||22.4|||1.9|||2.5|||2.3|||6.8|||8.9|||55.1||||||||10|22.5|35||||0|0.25|0.5||||1.2|1.35|1.5|||||1.58|||4|9|14|0.1|0.13|0.16|||||15.2|||6.8|||25||0|1.5|2.9|16|27|38|2|8|14|0|0|5|".15"|".49"|0|0|0|0|0|0|0|0|0|0|0|0|2.5|6.2|9.9|1.9|4.6|7.4|1|2.4|4.4|4.5|5|5.5|||||||||||||||||||||||||||||||||"22142489"|"65378229"
"H2"||"H"||2||5|||30|||||0|1|2|0|10|20|25|40|75|20|35|70|18|35|65|14|32|55||22.4|||1.9|||2.5|||2.3|||6.8|||8.9|||55.1||||||||10|22.5|35||||0|0.25|0.5||||1.2|1.4|1.6|||||1.69|||4|9|14|0.04|0.07|0.1|||||13|||6|||21||0|1.5|2.9|21|33|45|6|15|25|0|0|10|".15"|".49"|0|0|0|0|0|0|0|0|0|0|0|0|3.5|8.4|13.4|2.6|6.3|10|1|2.4|4.4|3.6|4.8|6|||||||||||||||||||||||||||||||||"22142490"|"65378232"
"H3"||"H"||3||30|||55||||||||||||||||||||||||||||||||||||||||||||||||||||||||||||||||||||||||0.42|0.9|1.4|0|0.01|0.01|||||||||||||||||||||||||||||||||||||||||||||||||||||||||||||||||||||||||||||||||||"22142490"|"65378233"
"H1"||"H"||1||0|||5|||||0|1|2|3|9|15|60|80|95|55|75|90|50|75|85|40|65|70||27.1|||2.2|||3.1|||4.4|||8.5|||8.9|||54.4||||||||10|18.5|27||||0.5|1.25|2||||1.2|1.3|1.4|||||1.42|||4|9|14|0.1|0.12|0.14|||||21.7|||9|||39||0|1.5|2.9|22|32|41|6|12|19|0|5|12|".24"|".43"|0|0|0|0|0|0|0|0|0|0|0|0|4.6|9.3|13.9|3.5|7|10.5|1|2.4|4.4|3.6|4.8|6|||||||||||||||||||||||||||||||||"22142490"|"65378231"
"H1"||"H"||1||0|||13|||||3|4|5|7|14|20|50|70|80|45|65|75|40|60|70|35|50|65||27.1|||2.2|||3.1|||4.4|||8.5|||8.9|||54.4||||||||10|18.5|27||||0.5|1.25|2||||1.2|1.35|1.5|||||1.5|||4|9|14|0.13|0.15|0.16|||||18.8|||8|||32||0|1.5|2.9|16|24|31|2|6|10|0|0|4|".20"|".37"|0|0|0|0|0|0|0|0|0|0|0|0|3.6|7.4|11.2|2.7|5.6|8.4|1|2.4|4.4|4.5|5|5.5|||||||||||||||||||||||||||||||||"22142491"|"65378234"
"H3"||"H"||3||61|||86||||||||||||||||||||||||||||||||||||||||||||||||||||||||||||||||||||||||0.42|0.9|1.4|0|0.01|0.01|||||||||||||||||||||||||||||||||||||||||||||||||||||||||||||||||||||||||||||||||||"22142491"|"65378236"
"H2"||"H"||2||13|||61|||||4|6|7|15|18|20|30|55|70|25|50|65|22|50|60|20|45|55||22.4|||1.9|||2.5|||2.3|||6.8|||8.9|||55.1||||||||10|22.5|35||||0|0.25|0.5||||1.2|1.35|1.5|||||1.58|||4|9|14|0.1|0.13|0.16|||||15.2|||6.8|||25||0|1.5|2.9|16|27|38|2|8|14|0|0|5|".15"|".49"|0|0|0|0|0|0|0|0|0|0|0|0|2.5|6.2|9.9|1.9|4.6|7.4|1|2.4|4.4|4.5|5|5.5|||||||||||||||||||||||||||||||||"22142491"|"65378235"
"H2"||"H"||2||5|||30|||||0|1|2|0|10|20|25|40|75|20|35|70|18|35|65|14|32|55||22.4|||1.9|||2.5|||2.3|||6.8|||8.9|||55.1||||||||10|22.5|35||||0|0.25|0.5||||1.2|1.4|1.6|||||1.69|||4|9|14|0.04|0.07|0.1|||||13|||6|||21||0|1.5|2.9|21|33|45|6|15|25|0|0|10|".15"|".49"|0|0|0|0|0|0|0|0|0|0|0|0|3.5|8.4|13.4|2.6|6.3|10|1|2.4|4.4|3.6|4.8|6|||||||||||||||||||||||||||||||||"22142492"|"65378238"
"H3"||"H"||3||30|||55||||||||||||||||||||||||||||||||||||||||||||||||||||||||||||||||||||||||0.42|0.9|1.4|0|0.01|0.01|||||||||||||||||||||||||||||||||||||||||||||||||||||||||||||||||||||||||||||||||||"22142492"|"65378239"
"H1"||"H"||1||0|||5|||||0|1|2|3|9|15|60|80|95|55|75|90|50|75|85|40|65|70||27.1|||2.2|||3.1|||4.4|||8.5|||8.9|||54.4||||||||10|18.5|27||||0.5|1.25|2||||1.2|1.3|1.4|||||1.42|||4|9|14|0.1|0.12|0.14|||||21.7|||9|||39||0|1.5|2.9|22|32|41|6|12|19|0|5|12|".24"|".43"|0|0|0|0|0|0|0|0|0|0|0|0|4.6|9.3|13.9|3.5|7|10.5|1|2.4|4.4|3.6|4.8|6|||||||||||||||||||||||||||||||||"22142492"|"65378237"
"H3"||"H"||3||61|||86||||||||||||||||||||||||||||||||||||||||||||||||||||||||||||||||||||||||0.42|0.9|1.4|0|0.01|0.01|||||||||||||||||||||||||||||||||||||||||||||||||||||||||||||||||||||||||||||||||||"22142493"|"65378242"
"H1"||"H"||1||0|||13|||||3|4|5|7|14|20|50|70|80|45|65|75|40|60|70|35|50|65||27.1|||2.2|||3.1|||4.4|||8.5|||8.9|||54.4||||||||10|18.5|27||||0.5|1.25|2||||1.2|1.35|1.5|||||1.5|||4|9|14|0.13|0.15|0.16|||||18.8|||8|||32||0|1.5|2.9|16|24|31|2|6|10|0|0|4|".20"|".37"|0|0|0|0|0|0|0|0|0|0|0|0|3.6|7.4|11.2|2.7|5.6|8.4|1|2.4|4.4|4.5|5|5.5|||||||||||||||||||||||||||||||||"22142493"|"65378240"
"H2"||"H"||2||13|||61|||||4|6|7|15|18|20|30|55|70|25|50|65|22|50|60|20|45|55||22.4|||1.9|||2.5|||2.3|||6.8|||8.9|||55.1||||||||10|22.5|35||||0|0.25|0.5||||1.2|1.35|1.5|||||1.58|||4|9|14|0.1|0.13|0.16|||||15.2|||6.8|||25||0|1.5|2.9|16|27|38|2|8|14|0|0|5|".15"|".49"|0|0|0|0|0|0|0|0|0|0|0|0|2.5|6.2|9.9|1.9|4.6|7.4|1|2.4|4.4|4.5|5|5.5|||||||||||||||||||||||||||||||||"22142493"|"65378241"
"H2"||"H"||2||5|||30|||||0|1|2|0|10|20|25|40|75|20|35|70|18|35|65|14|32|55||22.4|||1.9|||2.5|||2.3|||6.8|||8.9|||55.1||||||||10|22.5|35||||0|0.25|0.5||||1.2|1.4|1.6|||||1.69|||4|9|14|0.04|0.07|0.1|||||13|||6|||21||0|1.5|2.9|21|33|45|6|15|25|0|0|10|".15"|".49"|0|0|0|0|0|0|0|0|0|0|0|0|3.5|8.4|13.4|2.6|6.3|10|1|2.4|4.4|3.6|4.8|6|||||||||||||||||||||||||||||||||"22142494"|"65378244"
"H3"||"H"||3||30|||55||||||||||||||||||||||||||||||||||||||||||||||||||||||||||||||||||||||||0.42|0.9|1.4|0|0.01|0.01|||||||||||||||||||||||||||||||||||||||||||||||||||||||||||||||||||||||||||||||||||"22142494"|"65378245"
"H1"||"H"||1||0|||5|||||0|1|2|3|9|15|60|80|95|55|75|90|50|75|85|40|65|70||27.1|||2.2|||3.1|||4.4|||8.5|||8.9|||54.4||||||||10|18.5|27||||0.5|1.25|2||||1.2|1.3|1.4|||||1.42|||4|9|14|0.1|0.12|0.14|||||21.7|||9|||39||0|1.5|2.9|22|32|41|6|12|19|0|5|12|".24"|".43"|0|0|0|0|0|0|0|0|0|0|0|0|4.6|9.3|13.9|3.5|7|10.5|1|2.4|4.4|3.6|4.8|6|||||||||||||||||||||||||||||||||"22142494"|"65378243"
"H1"||"H"||1||0|||13|||||3|4|5|7|14|20|50|70|80|45|65|75|40|60|70|35|50|65||27.1|||2.2|||3.1|||4.4|||8.5|||8.9|||54.4||||||||10|18.5|27||||0.5|1.25|2||||1.2|1.35|1.5|||||1.5|||4|9|14|0.13|0.15|0.16|||||18.8|||8|||32||0|1.5|2.9|16|24|31|2|6|10|0|0|4|".20"|".37"|0|0|0|0|0|0|0|0|0|0|0|0|3.6|7.4|11.2|2.7|5.6|8.4|1|2.4|4.4|4.5|5|5.5|||||||||||||||||||||||||||||||||"22142495"|"65378246"
"H3"||"H"||3||61|||86||||||||||||||||||||||||||||||||||||||||||||||||||||||||||||||||||||||||0.42|0.9|1.4|0|0.01|0.01|||||||||||||||||||||||||||||||||||||||||||||||||||||||||||||||||||||||||||||||||||"22142495"|"65378248"
"H2"||"H"||2||13|||61|||||4|6|7|15|18|20|30|55|70|25|50|65|22|50|60|20|45|55||22.4|||1.9|||2.5|||2.3|||6.8|||8.9|||55.1||||||||10|22.5|35||||0|0.25|0.5||||1.2|1.35|1.5|||||1.58|||4|9|14|0.1|0.13|0.16|||||15.2|||6.8|||25||0|1.5|2.9|16|27|38|2|8|14|0|0|5|".15"|".49"|0|0|0|0|0|0|0|0|0|0|0|0|2.5|6.2|9.9|1.9|4.6|7.4|1|2.4|4.4|4.5|5|5.5|||||||||||||||||||||||||||||||||"22142495"|"65378247"
"H2"||"H"||2||5|||30|||||0|1|2|0|10|20|25|40|75|20|35|70|18|35|65|14|32|55||22.4|||1.9|||2.5|||2.3|||6.8|||8.9|||55.1||||||||10|22.5|35||||0|0.25|0.5||||1.2|1.4|1.6|||||1.69|||4|9|14|0.04|0.07|0.1|||||13|||6|||21||0|1.5|2.9|21|33|45|6|15|25|0|0|10|".15"|".49"|0|0|0|0|0|0|0|0|0|0|0|0|3.5|8.4|13.4|2.6|6.3|10|1|2.4|4.4|3.6|4.8|6|||||||||||||||||||||||||||||||||"22142497"|"65378250"
"H3"||"H"||3||30|||55||||||||||||||||||||||||||||||||||||||||||||||||||||||||||||||||||||||||0.42|0.9|1.4|0|0.01|0.01|||||||||||||||||||||||||||||||||||||||||||||||||||||||||||||||||||||||||||||||||||"22142497"|"65378251"
"H1"||"H"||1||0|||5|||||0|1|2|3|9|15|60|80|95|55|75|90|50|75|85|40|65|70||27.1|||2.2|||3.1|||4.4|||8.5|||8.9|||54.4||||||||10|18.5|27||||0.5|1.25|2||||1.2|1.3|1.4|||||1.42|||4|9|14|0.1|0.12|0.14|||||21.7|||9|||39||0|1.5|2.9|22|32|41|6|12|19|0|5|12|".24"|".43"|0|0|0|0|0|0|0|0|0|0|0|0|4.6|9.3|13.9|3.5|7|10.5|1|2.4|4.4|3.6|4.8|6|||||||||||||||||||||||||||||||||"22142497"|"65378249"
"H3"||"H"||3||61|||86||||||||||||||||||||||||||||||||||||||||||||||||||||||||||||||||||||||||0.42|0.9|1.4|0|0.01|0.01|||||||||||||||||||||||||||||||||||||||||||||||||||||||||||||||||||||||||||||||||||"22142498"|"65378254"
"H1"||"H"||1||0|||13|||||3|4|5|7|14|20|50|70|80|45|65|75|40|60|70|35|50|65||27.1|||2.2|||3.1|||4.4|||8.5|||8.9|||54.4||||||||10|18.5|27||||0.5|1.25|2||||1.2|1.35|1.5|||||1.5|||4|9|14|0.13|0.15|0.16|||||18.8|||8|||32||0|1.5|2.9|16|24|31|2|6|10|0|0|4|".20"|".37"|0|0|0|0|0|0|0|0|0|0|0|0|3.6|7.4|11.2|2.7|5.6|8.4|1|2.4|4.4|4.5|5|5.5|||||||||||||||||||||||||||||||||"22142498"|"65378252"
"H2"||"H"||2||13|||61|||||4|6|7|15|18|20|30|55|70|25|50|65|22|50|60|20|45|55||22.4|||1.9|||2.5|||2.3|||6.8|||8.9|||55.1||||||||10|22.5|35||||0|0.25|0.5||||1.2|1.35|1.5|||||1.58|||4|9|14|0.1|0.13|0.16|||||15.2|||6.8|||25||0|1.5|2.9|16|27|38|2|8|14|0|0|5|".15"|".49"|0|0|0|0|0|0|0|0|0|0|0|0|2.5|6.2|9.9|1.9|4.6|7.4|1|2.4|4.4|4.5|5|5.5|||||||||||||||||||||||||||||||||"22142498"|"65378253"
"H1"||"H"||1||0|||46|||||0|0|0|0|0|0|90|95|100|80|95|100|70|90|95|50|70|75||45.3|||4.5|||6.1|||8.1|||13.9|||12.7|||43.2||||||||5|11.5|18||||1|3|5||||1.2|1.35|1.5|||||1.43|||4|23|42|0.12|0.17|0.21|||||25.2|||9.8|||44||0|1.5|2.9|12|17|23|0|3|6|0|0|2|".28"|".28"|0|0|0|0|0|0|0|0|0|0|0|0|3.5|9.6|15|2.6|7.2|11.8|3.1|7.3|12.8|5.6|6.5|7.3|||||||||||||||||||||||||||||||||"22142501"|"65378258"
"H2"||"H"||2||46|||183|||||0|0|0|0|0|0|80|95|100|75|95|100|65|85|90|45|60|70||45.3|||4.5|||6.1|||8.1|||13.9|||12.7|||43.2||||||||5|11.5|18||||0.5|1.25|2||||1.2|1.35|1.5|||||1.43|||4|23|42|0.12|0.16|0.2|||||23|||7.6|||45||0|1.5|2.9|12|17|23|0|3|6|0|0|1|".43"|".43"|0|0|0|0|0|0|0|0|0|0|0|0|2.4|5.7|9|1.8|4.3|6.8|3.1|7.3|12.8|5.6|6.5|7.3|||||||||||||||||||||||||||||||||"22142501"|"65378259"
"H1"||"H"||1||0|||23|||||0|0|0|0|0|0|95|97.5|100|90|95|100|81|95|100|65|85|90||13.9|||0.1|||0.4|||1|||4|||8.4|||70.1||||||||12|16|20||||2|3|4||||1.35|1.48|1.6|||||1.6|||4|9|14|0.14|0.19|0.23|||||27.9|||13.2|||39||0|1.5|2.9|18|21|25|3|5|7|0|1|4|".37"|".37"|0|0|0|0|0|0|0|0|0|0|0|0|7.5|10.8|14|5.6|8.1|10.5|3.1|7.3|12.8|5.6|6.7|7.8|||||||||||||||||||||||||||||||||"22142502"|"65378348"
"H2"||"H"||2||23|||94|||||0|0|0|0|0|0|95|97.5|100|90|95|100|81|95|100|65|85|90||6.8|||0|||0|||0.2|||1.9|||4.7|||67.2||||||||18|26|35||||2|3|4||||1.4|1.53|1.65|||||1.7|||4|9|14|0.14|0.19|0.23|||||32|||19.4|||38||0|1.5|2.9|23|30|38|6|10|14|1|7|13|".37"|".37"|0|0|0|0|0|0|0|0|0|0|0|0|9|13.2|17.8|6.8|9.9|13.3|3.1|7.3|12.8|5.6|6.7|7.8|||||||||||||||||||||||||||||||||"22142502"|"65378349"
"H3"||"H"||3||94|||157|||||0|0|0|0|0|0|70|95|100|65|90|100|62|90|95|55|85|90||7|||0.4|||0.6|||0.9|||2.2|||2.9|||65||||||||18|28|35||||0.5|2.25|4||||1.4|1.53|1.65|||||1.71|||4|9|14|0.13|0.18|0.23|||||31|||19|||37||0|1.5|2.9|23|32|38|6|11|14|0|8|13|".37"|".37"|0|0|0|0|0|0|0|0|0|0|0|0|5.6|12.2|17.8|4.2|9|13.3|3.1|7.3|12.8|5.6|6.7|7.8|||||||||||||||||||||||||||||||||"22142502"|"65378350"
"H3"||"H"||3||127|||160|||||0|0|0|0|5|10|45|50|100|40|45|95|35|40|85|25|30|65||41.1|||3.9|||5.4|||7.2|||12.8|||11.8|||36.9||||||||18|22|35||||0|0.25|0.5||||1.2|1.35|1.5|||||1.56|||4|9|14|0.07|0.11|0.15|||||16.4|||7.2|||28||0|1.5|2.9|23|27|38|6|8|14|0|0|7|".15"|".37"|0|0|0|0|0|0|0|0|0|0|0|0|4.5|6.1|9.9|3.4|4.5|7.4|1|2.4|4.4|3.6|4.6|5.5|||||||||||||||||||||||||||||||||"22142503"|"65378262"
"H1"||"H"||1||0|||28|||||0|0|0|0|3|5|80|90|100|75|90|95|65|80|85|45|55|60||43.3|||4.2|||5.8|||7.7|||13.4|||12.2|||39.7||||||||7|17|27||||0.5|2.25|4||||1.2|1.3|1.4|||||1.41|||4|23|42|0.12|0.16|0.2|||||25.3|||10.8|||44||0|1.5|2.9|13|22|31|0|6|10|0|0|3|".28"|".28"|0|0|0|0|0|0|0|0|0|0|0|0|2.9|9.3|15.8|2.2|7|11.8|1|2.4|4.4|3.6|4.6|5.5|||||||||||||||||||||||||||||||||"22142503"|"65378260"
"H2"||"H"||2||28|||127|||||0|0|0|0|5|10|80|95|100|75|90|95|65|80|85|45|60|65||38.5|||3.4|||4.9|||6.7|||12.1|||11.4|||36.5||||||||18|25|35||||0.5|0.75|1||||1.2|1.35|1.5|||||1.49|||4|9|14|0.07|0.11|0.15|||||27|||13.3|||43||0|1.5|2.9|23|30|38|6|10|14|0|3|7|".32"|".32"|0|0|0|0|0|0|0|0|0|0|0|0|5.6|7.9|11|4.2|6|8.2|1|2.4|4.4|3.6|4.6|5.5|||||||||||||||||||||||||||||||||"22142503"|"65378261"
"H1"||"H"||1||0|||30|||||0|0|0|0|0|0|95|97.5|100|90|95|100|85|95|100|75|85|90||19.2|||1|||1.8|||1.7|||6.2|||8.5|||54.3||||||||18|26.5|35||||2|3|4||||1.3|1.4|1.5|||||1.56|||1.4|2.7|4|0.18|0.21|0.24|||||31.2|||18.1|||42||3|4.5|5.9|33|43|52|12|18|24|7|16|24|".37"|".37"|0|0|0|0|0|0|0|0|0|0|0|0|10.8|16|21.2|8.1|12|15.9|1|2.4|4.4|3.6|4.6|5.5|||||||||||||||||||||||||||||||||"22142504"|"65378339"
"H2"||"H"||2||30|||99|||||0|0|0|0|0|0|95|97.5|100|90|95|100|90|95|100|85|90|95||7.7|||0.2|||0.5|||0.9|||2.4|||3.7|||49.8||||||||35|42.5|50||||0|0.25|0.5||||1.3|1.45|1.6|||||1.69|||0.42|0.9|1.4|0.12|0.15|0.18|||||30.6|||22.8|||42||3|4.5|5.9|44|51|59|25|30|36|21|29|38|".37"|".37"|0|0|0|0|0|0|0|0|0|0|0|0|12.2|15.4|18.6|9.2|11.6|14|1|2.4|4.4|3.6|4.6|5.5|||||||||||||||||||||||||||||||||"22142504"|"65378340"
"H3"||"H"||3||99|||157|||||0|0|0|0|0|0|95|97.5|100|90|95|100|90|95|100|85|90|95||18.4|||1.3|||2|||2.9|||5.8|||6.4|||43.6||||||||35|38|50||||0|0.25|0.5||||1.3|1.45|1.6|||||1.66|||0.42|0.9|1.4|0.1|0.13|0.16|||||33.3|||21.7|||42||3|4.5|5.9|44|47|59|25|27|36|21|25|38|".37"|".37"|0|0|0|0|0|0|0|0|0|0|0|0|12.2|13.9|18.6|9.2|10.4|14|1|2.4|4.4|3.6|4.6|5.5|||||||||||||||||||||||||||||||||"22142504"|"65378341"
